  1.11681   -151.021  35.392
  1.12760    -62.831  35.765
  1.13839     15.656  36.086
  1.14918     74.914  36.329
  1.15997   -108.903  35.787
  1.17076    -30.623  36.074
  1.18155     10.836  36.231
  1.19234     22.143  36.285
  1.20313     37.376  36.344
  1.21392    170.204  36.746
  1.22471    251.647  36.981
  1.23550    158.782  36.697
  1.24629     80.142  36.452
  1.25708    287.924  37.031
  1.26788    396.726  37.309
  1.27867    367.517  37.192
  1.28946    426.528  37.316
  1.30025    296.376  36.914
  1.31104     24.238  36.114
  1.32183    -76.717  35.789
  1.33262    -63.167  35.783
  1.34341     41.629  36.024
  1.35420    100.912  36.133
  1.36499    112.866  36.110
  1.37578    120.506  36.072
  1.38657    206.051  36.238
  1.39736    142.384  36.006
  1.40815    179.934  36.039
  1.41894    224.792  36.088
  1.42973    146.399  35.816
  1.44052     61.038  35.525
  1.45131     68.777  35.475
  1.46210    122.492  35.541
  1.47289    157.022  35.555
  1.48368    158.279  35.483
  1.49447    106.797  35.278
  1.50526     85.778  35.149
  1.51605     66.141  35.023
  1.52685     35.029  34.868
  1.53764     20.507  34.755
  1.54843     27.389  34.694
  1.55922     58.787  34.693
  1.57001     57.943  34.612
  1.58080     92.879  34.617
  1.59159     38.611  34.405
  1.60238    -25.157  34.171
  1.61317     -3.243  34.144
  1.62396     30.710  34.146
  1.63475      0.607  33.993
  1.64554     51.764  34.035
  1.65633     52.393  33.956
  1.66712      1.978  33.756
  1.67791    -31.664  33.597
  1.68870     -8.496  33.571
  1.69949     -7.289  33.494
  1.71028      3.604  33.439
  1.72107     31.752  33.424
  1.73186     29.394  33.339
  1.74265     -2.919  33.185
  1.75344    -34.489  33.034
  1.76423     -8.733  33.014
  1.77503    -31.834  32.882
  1.78582    -55.747  32.750
  1.79661    -62.843  32.656
  1.80740    -26.139  32.661
  1.81819    -28.378  32.579
  1.82898    -64.161  32.422
  1.83977    -57.600  32.360
  1.85056     -5.950  32.398
  1.86135    -40.617  32.245
  1.87214    -54.173  32.140
  1.88293    -29.076  32.120
  1.89372    -25.857  32.052
  1.90451    -40.379  31.946
  1.91530    -31.740  31.890
  1.92609    -41.047  31.797
  1.93688     -7.564  31.796
  1.94767     12.295  31.765
  1.95846     -4.690  31.656
  1.96925    -21.863  31.547
  1.98004     -9.690  31.501
  1.99083    -32.107  31.382
  2.00162    -14.641  31.348
  2.01241    -14.973  31.277
  2.02320    -16.075  31.204
  2.03400    -33.787  31.097
  2.04479    -54.480  30.985
  2.05558    -83.260  30.856
  2.06637    -57.693  30.841
  2.07716    -22.072  30.847
  2.08795      0.032  30.825
  2.09874     -3.682  30.750
  2.10953     -8.531  30.673
  2.12032    -33.754  30.555
  2.13111    -50.600  30.455
  2.14190    -38.584  30.414
  2.15269    -32.368  30.361
  2.16348      6.136  30.375
  2.17427     36.379  30.371
  2.18506     34.677  30.303
  2.19585    -20.076  30.130
  2.20664    -29.735  30.047
  2.21743     13.541  30.070
  2.22822     68.067  30.116
  2.23901     49.703  30.017
  2.24980     32.705  29.921
  2.26059     26.418  29.847
  2.27138     20.761  29.775
  2.28218     13.903  29.701
  2.29297     32.626  29.677
  2.30376     16.959  29.586
  2.31455     -3.171  29.487
  2.32534      3.704  29.442
  2.33613     17.800  29.410
  2.34692     18.252  29.352
  2.35771     11.825  29.281
  2.36850     -2.208  29.196
  2.37929     23.090  29.187
  2.39008      0.416  29.087
  2.40087     16.153  29.060
  2.41166     -1.378  28.970
  2.42245      9.673  28.934
  2.43324     32.483  28.922
  2.44403     55.405  28.909
  2.45482     37.501  28.820
  2.46561      3.995  28.702
  2.47640    -15.487  28.611
  2.48719    -17.898  28.552
  2.49798     -4.121  28.523
  2.50877    -24.783  28.431
  2.51956    -33.267  28.362
  2.53035      8.305  28.386
  2.54115     25.455  28.365
  2.55194      8.046  28.280
  2.56273    -16.200  28.183
  2.57352    -16.869  28.130
  2.58431     17.052  28.140
  2.59510     11.293  28.078
  2.60589     -4.767  27.998
  2.61668     24.014  27.999
  2.62747     51.053  27.997
  2.63826      4.727  27.863
  2.64905      4.665  27.813
  2.65984     14.843  27.781
  2.67063     62.851  27.817
  2.68142     54.195  27.752
  2.69221     25.245  27.651
  2.70300    -11.809  27.536
  2.71379     17.955  27.541
  2.72458      6.918  27.473
  2.73537      7.189  27.425
  2.74616    -22.361  27.325
  2.75695     -7.711  27.303
  2.76774    -21.516  27.231
  2.77853      5.238  27.231
  2.78932     10.098  27.193
  2.80012     27.087  27.176
  2.81091     -0.533  27.081
  2.82170    -23.160  26.995
  2.83249    -20.026  26.955
  2.84328    -19.056  26.911
  2.85407    -10.835  26.880
  2.86486      3.500  26.859
  2.87565      6.492  26.819
  2.88644      8.281  26.777
  2.89723     15.930  26.746
  2.90802      8.451  26.688
  2.91881    -19.639  26.596
  2.92960    -13.698  26.562
  2.94039     -4.247  26.534
  2.95118     30.545  26.550
  2.96197     56.336  26.550
  2.97276     36.551  26.473
  2.98355     21.252  26.404
  2.99434     13.518  26.348
  3.00513     24.584  26.324
  3.01592     24.291  26.281
  3.02671     22.620  26.236
  3.03750      0.870  26.158
  3.04830     12.675  26.136
  3.05909      5.175  26.081
  3.06988     -6.788  26.020
  3.08067    -23.554  25.951
  3.09146    -22.082  25.913
  3.10225      7.768  25.921
  3.11304     35.453  25.926
  3.12383     21.225  25.862
  3.13462     29.625  25.835
  3.14541     40.229  25.813
  3.15620     37.760  25.769
  3.16699     45.413  25.741
  3.17778     65.071  25.733
  3.18857     41.046  25.655
  3.19936     28.406  25.595
  3.21015     32.843  25.563
  3.22094     30.012  25.520
  3.23173     20.052  25.465
  3.24252      8.445  25.407
  3.25331     -5.354  25.347
  3.26410      8.095  25.330
  3.27489    -10.734  25.262
  3.28568      6.467  25.252
  3.29647     22.892  25.240
  3.30727     19.157  25.197
  3.31806     -5.038  25.121
  3.32885     13.807  25.114
  3.33964     12.450  25.074
  3.35043     18.615  25.047
  3.36122     23.579  25.018
  3.37201     -1.848  24.942
  3.38280     -4.427  24.901
  3.39359      6.438  24.882
  3.40438      3.398  24.841
  3.41517    -15.637  24.776
  3.42596    -25.384  24.725
  3.43675     -2.996  24.724
  3.44754     21.217  24.726
  3.45833     33.376  24.710
  3.46912     29.782  24.669
  3.47991     10.796  24.605
  3.49070      2.051  24.556
  3.50149      3.146  24.523
  3.51228     13.601  24.505
  3.52307     -6.193  24.440
  3.53386     -9.926  24.400
  3.54465    -24.369  24.343
  3.55545      5.199  24.355
  3.56624      6.643  24.323
  3.57703     16.058  24.304
  3.58782     11.335  24.263
  3.59861     -3.003  24.208
  3.60940    -17.409  24.152
  3.62019     13.429  24.166
  3.63098     22.177  24.146
  3.64177     31.231  24.127
  3.65256     -4.481  24.040
  3.66335    -26.206  23.975
  3.67414    -31.709  23.934
  3.68493     -6.259  23.940
  3.69572    -10.247  23.902
  3.70651      9.162  23.899
  3.71730     -2.971  23.848
  3.72809     -9.368  23.807
  3.73888      0.746  23.790
  3.74967     -2.443  23.754
  3.76046     -6.549  23.716
  3.77125     10.809  23.710
  3.78204     20.080  23.693
  3.79283      9.807  23.646
  3.80362    -12.015  23.583
  3.81442    -19.380  23.541
  3.82521    -10.811  23.523
  3.83600    -11.510  23.491
  3.84679    -16.113  23.454
  3.85758    -10.054  23.432
  3.86837     -7.287  23.406
  3.87916      3.678  23.392
  3.88995     -0.423  23.355
  3.90074      6.464  23.335
  3.91153    -19.898  23.267
  3.92232    -37.783  23.211
  3.93311    -19.203  23.208
  3.94390     -7.960  23.195
  3.95469     -9.174  23.164
  3.96548    -13.602  23.128
  3.97627    -30.955  23.073
  3.98706    -17.270  23.064
  3.99785     16.990  23.084
  4.00864     -1.265  23.028
  4.01943    -29.463  22.959
  4.03022    -44.769  22.908
  4.04101    -27.747  22.904
  4.05180    -19.352  22.887
  4.06260     -1.937  22.883
  4.07339    -14.045  22.838
  4.08418      0.490  22.830
  4.09497     -6.572  22.791
  4.10576     16.281  22.796
  4.11655     21.154  22.774
  4.12734     14.021  22.736
  4.13813    -10.210  22.674
  4.14892    -18.510  22.634
  4.15971     -0.217  22.632
  4.17050     11.394  22.621
  4.18129     -0.146  22.577
  4.19208     -3.624  22.544
  4.20287    -18.440  22.496
  4.21366    -51.226  22.422
  4.22445    -52.874  22.393
  4.23524    -42.196  22.381
  4.24603    -61.029  22.327
  4.25682    -35.463  22.336
  4.26761    -28.669  22.318
  4.27840    -55.235  22.254
  4.28919    -47.022  22.239
  4.29998    -23.463  22.245
  4.31077    -46.039  22.187
  4.32157    -40.488  22.168
  4.33236    -23.871  22.164
  4.34315    -20.154  22.143
  4.35394    -42.597  22.086
  4.36473    -33.877  22.071
  4.37552    -17.287  22.068
  4.38631     -6.989  22.056
  4.39710    -41.971  21.982
  4.40789    -71.648  21.915
  4.41868    -71.270  21.889
  4.42947    -61.124  21.877
  4.44026    -63.740  21.848
  4.45105    -56.577  21.832
  4.46184    -22.403  21.853
  4.47263     -0.177  21.857
  4.48342     -8.705  21.820
  4.49421    -36.734  21.757
  4.50500    -24.936  21.747
  4.51579     -0.057  21.755
  4.52658     -1.166  21.729
  4.53737     -9.277  21.692
  4.54816     -6.320  21.671
  4.55895     -5.334  21.647
  4.56975     14.803  21.649
  4.58054     18.782  21.629
  4.59133     13.683  21.597
  4.60212     21.350  21.583
  4.61291     31.604  21.571
  4.62370     31.909  21.547
  4.63449     24.056  21.512
  4.64528     -0.979  21.454
  4.65607      1.795  21.433
  4.66686     -0.590  21.405
  4.67765      5.236  21.388
  4.68844      7.714  21.367
  4.69923      6.371  21.341
  4.71002     30.110  21.348
  4.72081     33.307  21.328
  4.73160     13.520  21.277
  4.74239     17.518  21.258
  4.75318     11.105  21.226
  4.76397      4.065  21.193
  4.77476      4.513  21.169
  4.78555      8.211  21.150
  4.79634     19.215  21.141
  4.80713     22.172  21.121
  4.81792     14.297  21.087
  4.82872     18.739  21.069
  4.83951     54.191  21.091
  4.85030     78.218  21.099
  4.86109     59.566  21.051
  4.87188     31.380  20.991
  4.88267     23.253  20.957
  4.89346     28.439  20.940
  4.90425     35.193  20.926
  4.91504     58.594  20.933
  4.92583     60.644  20.912
  4.93662     51.868  20.877
  4.94741     35.720  20.834
  4.95820     31.613  20.805
  4.96899     32.201  20.783
  4.97978     19.925  20.745
  4.99057     17.636  20.719
  5.00136     28.292  20.710
  5.01215     45.954  20.710
  5.02294     59.556  20.704
  5.03373     97.318  20.730
  5.04452     84.383  20.691
  5.05531     49.902  20.624
  5.06610     19.990  20.564
  5.07690     28.652  20.553
  5.08769     49.661  20.557
  5.09848     66.424  20.556
  5.10927     73.667  20.543
  5.12006     95.632  20.548
  5.13085     78.053  20.504
  5.14164     59.141  20.458
  5.15243     52.273  20.428
  5.16322     66.377  20.424
  5.17401     74.056  20.411
  5.18480     64.145  20.377
  5.19559     59.386  20.350
  5.20638     70.493  20.342
  5.21717     57.579  20.304
  5.22796     42.690  20.264
  5.23875     55.773  20.259
  5.24954     69.302  20.255
  5.26033     75.895  20.242
  5.27112     61.457  20.202
  5.28191     71.701  20.194
  5.29270     97.013  20.204
  5.30349     75.068  20.156
  5.31428     73.413  20.133
  5.32508     68.001  20.105
  5.33587     62.043  20.077
  5.34666     77.269  20.075
  5.35745    101.665  20.085
  5.36824    110.698  20.075
  5.37903    124.955  20.072
  5.38982    128.283  20.056
  5.40061    108.386  20.011
  5.41140    101.569  19.982
  5.42219    126.274  19.992
  5.43298    131.225  19.978
  5.44377    119.779  19.944
  5.45456    134.189  19.941
  5.46535    175.328  19.971
  5.47614    160.641  19.933
  5.48693    143.901  19.893
  5.49772    133.448  19.861
  5.50851    132.362  19.840
  5.51930    131.017  19.818
  5.53009    103.848  19.766
  5.54088     87.359  19.726
  5.55167    101.977  19.725
  5.56246    104.825  19.709
  5.57325     80.157  19.660
  5.58404     68.434  19.626
  5.59484     73.712  19.614
  5.60563     78.478  19.601
  5.61642     62.899  19.563
  5.62721     54.037  19.533
  5.63800     40.373  19.498
  5.64879     57.825  19.501
  5.65958     56.470  19.480
  5.67037     28.804  19.429
  5.68116     16.042  19.395
  5.69195     28.330  19.391
  5.70274     34.298  19.380
  5.71353     15.734  19.340
  5.72432     -8.514  19.293
  5.73511    -24.812  19.255
  5.74590     -7.360  19.258
  5.75669     25.528  19.280
  5.76748     35.699  19.274
  5.77827     16.813  19.234
  5.78906    -22.127  19.170
  5.79985    -14.851  19.161
  5.81064     -8.365  19.152
  5.82143      9.884  19.156
  5.83222     14.211  19.144
  5.84302     19.973  19.134
  5.85381     16.601  19.113
  5.86460     -4.300  19.071
  5.87539    -33.963  19.019
  5.88618    -23.817  19.014
  5.89697      1.944  19.028
  5.90776     17.697  19.030
  5.91855     16.889  19.012
  5.92934     30.840  19.012
  5.94013     20.784  18.984
  5.95092     29.477  18.978
  5.96171     41.405  18.976
  5.97250     41.212  18.959
  5.98329     21.590  18.920
  5.99408     35.769  18.921
  6.00487     32.355  18.901
  6.01566      5.209  18.853
  6.02645     -2.369  18.829
  6.03724     -2.663  18.813
  6.04803    -26.643  18.769
  6.05882    -43.874  18.734
  6.06961    -30.460  18.734
  6.08040    -16.077  18.735
  6.09120     -2.519  18.736
  6.10199     -0.167  18.724
  6.11278    -10.927  18.696
  6.12357    -29.718  18.659
  6.13436    -28.150  18.646
  6.14515    -11.041  18.651
  6.15594     14.687  18.666
  6.16673     -1.410  18.633
  6.17752    -10.250  18.608
  6.18831     15.508  18.624
  6.19910     11.587  18.605
  6.20989     -2.226  18.575
  6.22068     -7.581  18.554
  6.23147    -40.265  18.503
  6.24226    -49.614  18.478
  6.25305    -36.923  18.479
  6.26384    -36.994  18.465
  6.27463    -42.877  18.444
  6.28542    -53.439  18.418
  6.29621    -56.815  18.401
  6.30700    -66.976  18.376
  6.31779    -77.020  18.351
  6.32858    -78.111  18.337
  6.33938    -36.314  18.371
  6.35017     11.026  18.411
  6.36096      7.174  18.394
  6.37175    -18.742  18.352
  6.38254    -41.700  18.313
  6.39333    -21.794  18.322
  6.40412    -10.269  18.322
  6.41491     -1.553  18.320
  6.42570     -1.231  18.307
  6.43649     -2.867  18.293
  6.44728    -25.526  18.255
  6.45807    -42.527  18.223
  6.46886    -61.530  18.190
  6.47965    -65.130  18.173
  6.49044    -62.420  18.164
  6.50123    -60.743  18.154
  6.51202    -66.814  18.135
  6.52281    -39.516  18.154
  6.53360    -20.339  18.164
  6.54439    -24.279  18.147
  6.55518    -40.237  18.118
  6.56597    -25.795  18.122
  6.57676    -46.993  18.087
  6.58755    -49.365  18.073
  6.59835    -29.835  18.083
  6.60914     -2.747  18.102
  6.61993      8.214  18.103
  6.63072      7.924  18.091
  6.64151    -15.689  18.054
  6.65230     -4.896  18.055
  6.66309     12.145  18.062
  6.67388     17.331  18.057
  6.68467      6.371  18.034
  6.69546      7.648  18.025
  6.70625     14.868  18.022
  6.71704     33.365  18.031
  6.72783     28.655  18.016
  6.73862     56.364  18.035
  6.74941    102.032  18.074
  6.76020     96.177  18.057
  6.77099     99.669  18.051
  6.78178    135.848  18.079
  6.79257    154.061  18.088
  6.80336    150.953  18.075
  6.81415    159.640  18.074
  6.82494    151.421  18.055
  6.83573    134.447  18.026
  6.84652    137.860  18.020
  6.85732    109.776  17.980
  6.86811     87.561  17.946
  6.87890    121.372  17.972
  6.88969    146.168  17.989
  6.90048    150.948  17.984
  6.91127    130.668  17.953
  6.92206    123.144  17.935
  6.93285    149.269  17.953
  6.94364    201.562  17.999
  6.95443    214.905  18.003
  6.96522    198.396  17.976
  6.97601    165.955  17.932
  6.98680    140.549  17.896
  6.99759    158.149  17.905
  7.00838    161.893  17.900
  7.01917    155.511  17.884
  7.02996    128.769  17.846
  7.04075    130.210  17.839
  7.05154    162.275  17.863
  7.06233    200.188  17.894
  7.07312    204.944  17.890
  7.08391    164.706  17.838
  7.09470    125.374  17.788
  7.10550    108.762  17.762
  7.11629    142.128  17.788
  7.12708    163.121  17.801
  7.13787    175.346  17.805
  7.14866    176.947  17.798
  7.15945    187.493  17.800
  7.17024    194.173  17.798
  7.18103    231.563  17.828
  7.19182    271.418  17.860
  7.20261    290.754  17.871
  7.21340    331.862  17.904
  7.22419    363.800  17.928
  7.23498    417.939  17.975
  7.24577    511.192  18.060
  7.25656    632.684  18.174
  7.26735    847.876  18.379
  7.27814   1271.153  18.783
  7.28893   2004.263  19.469
  7.29972   2968.323  20.336
  7.31051   3953.813  21.183
  7.32130   4758.306  21.847
  7.33209   5192.152  22.189
  7.34288   5151.980  22.144
  7.35367   4415.985  21.526
  7.36447   3133.330  20.416
  7.37526   1912.058  19.303
  7.38605   1209.106  18.630
  7.39684    846.569  18.269
  7.40763    675.650  18.093
  7.41842    588.018  17.997
  7.42921    532.308  17.934
  7.44000    464.653  17.858
  7.45079    401.446  17.787
  7.46158    345.100  17.722
  7.47237    310.684  17.679
  7.48316    297.260  17.658
  7.49395    248.336  17.600
  7.50474    246.390  17.590
  7.51553    265.017  17.601
  7.52632    230.811  17.558
  7.53711    205.865  17.525
  7.54790    217.887  17.529
  7.55869    203.785  17.507
  7.56948    189.315  17.484
  7.58027    174.145  17.461
  7.59106    168.934  17.448
  7.60185    146.892  17.418
  7.61265    130.096  17.393
  7.62344    118.780  17.374
  7.63423    123.070  17.370
  7.64502     70.357  17.309
  7.65581     51.307  17.282
  7.66660     64.096  17.287
  7.67739     87.980  17.303
  7.68818     99.573  17.307
  7.69897    115.153  17.314
  7.70976    117.086  17.308
  7.72055    112.318  17.295
  7.73134     99.345  17.274
  7.74213    104.922  17.272
  7.75292    109.239  17.268
  7.76371     93.379  17.244
  7.77450     77.794  17.221
  7.78529     66.540  17.201
  7.79608     81.092  17.208
  7.80687     81.290  17.200
  7.81766     96.752  17.207
  7.82845    124.678  17.226
  7.83924    110.777  17.204
  7.85003    113.761  17.199
  7.86083    109.315  17.186
  7.87162    103.852  17.173
  7.88241    104.531  17.165
  7.89320     93.777  17.146
  7.90399     81.180  17.126
  7.91478     92.486  17.129
  7.92557    124.543  17.151
  7.93636    122.811  17.141
  7.94715    112.256  17.123
  7.95794    107.224  17.109
  7.96873    120.782  17.114
  7.97952    120.492  17.105
  7.99031    128.898  17.105
  8.00110    127.236  17.095
  8.01189    134.428  17.093
  8.02268    152.147  17.102
  8.03347    166.039  17.106
  8.04426    151.408  17.084
  8.05505    167.547  17.091
  8.06584    206.543  17.119
  8.07663    224.201  17.127
  8.08742    212.807  17.108
  8.09821    224.133  17.110
  8.10900    273.456  17.148
  8.11979    309.371  17.173
  8.13059    336.342  17.189
  8.14138    356.505  17.199
  8.15217    375.908  17.208
  8.16296    414.291  17.235
  8.17375    481.320  17.288
  8.18454    550.563  17.344
  8.19533    620.907  17.399
  8.20612    742.455  17.502
  8.21691    951.304  17.683
  8.22770   1364.344  18.044
  8.23849   2095.416  18.672
  8.24928   3126.759  19.526
  8.26007   4124.080  20.314
  8.27086   4734.615  20.777
  8.28165   5273.852  21.174
  8.29244   6195.724  21.844
  8.30323   6688.525  22.186
  8.31402   6191.432  21.814
  8.32481   4542.401  20.567
  8.33560   2856.315  19.213
  8.34639   1688.045  18.214
  8.35718   1089.367  17.677
  8.36798    790.435  17.398
  8.37877    580.960  17.197
  8.38956    461.753  17.077
  8.40035    393.208  17.004
  8.41114    337.822  16.943
  8.42193    311.472  16.908
  8.43272    293.816  16.882
  8.44351    256.791  16.838
  8.45430    219.618  16.793
  8.46509    204.632  16.769
  8.47588    158.804  16.716
  8.48667    114.427  16.664
  8.49746    112.056  16.652
  8.50825    115.021  16.645
  8.51904    112.715  16.632
  8.52983    103.096  16.613
  8.54062     95.431  16.595
  8.55141     55.304  16.547
  8.56220     25.495  16.509
  8.57299     31.510  16.504
  8.58378     45.962  16.507
  8.59457     28.320  16.480
  8.60536     17.745  16.460
  8.61615     19.475  16.451
  8.62695      7.270  16.429
  8.63774     -8.575  16.403
  8.64853    -28.883  16.373
  8.65932    -47.828  16.345
  8.67011     -6.011  16.373
  8.68090     24.641  16.390
  8.69169    -12.582  16.345
  8.70248    -20.762  16.326
  8.71327     -1.124  16.333
  8.72406     34.319  16.355
  8.73485     33.891  16.343
  8.74564     12.788  16.312
  8.75643     33.950  16.321
  8.76722     18.917  16.295
  8.77801    -21.197  16.247
  8.78880    -20.656  16.236
  8.79959    -26.894  16.219
  8.81038    -38.503  16.197
  8.82117    -41.150  16.183
  8.83196    -26.409  16.184
  8.84275     -6.365  16.191
  8.85354      5.350  16.190
  8.86433    -17.765  16.157
  8.87512    -18.362  16.145
  8.88592     10.174  16.159
  8.89671      7.421  16.145
  8.90750     -5.048  16.121
  8.91829      2.048  16.116
  8.92908    -22.994  16.081
  8.93987    -26.407  16.065
  8.95066    -11.341  16.067
  8.96145    -18.398  16.048
  8.97224    -29.437  16.026
  8.98303    -29.525  16.014
  8.99382    -35.634  15.996
  9.00461    -25.319  15.993
  9.01540    -35.326  15.971
  9.02619    -22.713  15.970
  9.03698      8.573  15.986
  9.04777     17.507  15.982
  9.05856      3.250  15.956
  9.06935    -20.409  15.922
  9.08014    -35.466  15.895
  9.09093    -31.542  15.886
  9.10172    -30.011  15.875
  9.11251    -23.613  15.867
  9.12330     -6.074  15.870
  9.13410     10.060  15.872
  9.14489     11.278  15.860
  9.15568     11.736  15.848
  9.16647      0.498  15.824
  9.17726    -14.947  15.797
  9.18805    -22.824  15.777
  9.19884      6.232  15.790
  9.20963     23.102  15.792
  9.22042     17.817  15.774
  9.23121      7.073  15.751
  9.24200      8.836  15.739
  9.25279     -8.438  15.710
  9.26358    -17.751  15.688
  9.27437    -19.002  15.673
  9.28516      1.438  15.678
  9.29595     -4.492  15.659
  9.30674      1.707  15.651
  9.31753     23.048  15.656
  9.32832     21.844  15.642
  9.33911     18.931  15.625
  9.34990     26.987  15.619
  9.36069      0.018  15.580
  9.37148    -37.748  15.532
  9.38227    -29.014  15.526
  9.39307      4.641  15.543
  9.40386    -26.360  15.501
  9.41465    -28.243  15.485
  9.42544     -5.721  15.491
  9.43623      6.739  15.488
  9.44702     16.031  15.483
  9.45781     16.840  15.469
  9.46860     10.097  15.449
  9.47939      9.669  15.434
  9.49018      3.834  15.415
  9.50097     -2.251  15.395
  9.51176     -4.198  15.379
  9.52255     -7.341  15.361
  9.53334    -16.058  15.339
  9.54413      9.461  15.348
  9.55492     11.827  15.335
  9.56571      0.874  15.311
  9.57650      4.482  15.299
  9.58729      4.271  15.285
  9.59808     15.552  15.280
  9.60887     37.104  15.285
  9.61966     29.684  15.264
  9.63045     14.885  15.236
  9.64124     15.759  15.222
  9.65204     23.564  15.214
  9.66283     20.914  15.197
  9.67362      8.787  15.171
  9.68441     -9.715  15.140
  9.69520     -8.502  15.126
  9.70599     18.976  15.135
  9.71678     40.870  15.140
  9.72757    103.570  15.181
  9.73836    177.227  15.232
  9.74915    192.377  15.230
  9.75994    167.138  15.193
  9.77073    108.009  15.125
  9.78152     67.522  15.074
  9.79231     54.475  15.047
  9.80310     43.633  15.022
  9.81389     37.220  15.002
  9.82468     47.447  14.996
  9.83547     37.794  14.972
  9.84626     -0.673  14.922
  9.85705    -15.911  14.893
  9.86784      1.654  14.894
  9.87863      6.550  14.883
  9.88943     13.294  14.874
  9.90022     15.809  14.861
  9.91101      7.370  14.838
  9.92180     11.609  14.827
  9.93259     23.909  14.822
  9.94338      4.470  14.790
  9.95417    -26.035  14.747
  9.96496    -16.325  14.740
  9.97575     14.491  14.753
  9.98654      2.256  14.726
  9.99733    -16.290  14.694
 10.00812      4.545  14.698
 10.01891     25.793  14.701
 10.02970     11.144  14.673
 10.04049     -0.846  14.646
 10.05128      9.497  14.640
 10.06207     12.363  14.627
 10.07286     15.634  14.615
 10.08365     12.751  14.597
 10.09444     20.072  14.588
 10.10523      2.907  14.557
 10.11602     -8.763  14.531
 10.12681      2.420  14.526
 10.13761      9.612  14.517
 10.14840     17.151  14.508
 10.15919     10.168  14.486
 10.16998      7.510  14.469
 10.18077      0.795  14.447
 10.19156     -5.143  14.426
 10.20235     13.366  14.427
 10.21314     36.760  14.433
 10.22393     22.956  14.405
 10.23472      1.700  14.371
 10.24551      1.409  14.355
 10.25630      5.471  14.343
 10.26709     23.950  14.344
 10.27788     38.579  14.342
 10.28867     17.610  14.308
 10.29946     -8.416  14.269
 10.31025    -10.835  14.251
 10.32104    -16.778  14.230
 10.33183    -14.944  14.217
 10.34262    -22.025  14.195
 10.35341     -1.595  14.198
 10.36420     31.294  14.212
 10.37499     39.090  14.203
 10.38578     10.979  14.163
 10.39658     -5.752  14.132
 10.40737     -9.404  14.114
 10.41816    -13.651  14.095
 10.42895    -18.826  14.075
 10.43974    -19.518  14.059
 10.45053     -3.197  14.058
 10.46132     11.851  14.056
 10.47211     13.840  14.043
 10.48290      9.927  14.024
 10.49369     20.518  14.018
 10.50448     35.395  14.016
 10.51527     39.875  14.005
 10.52606     -0.624  13.953
 10.53685    -17.977  13.923
 10.54764    -11.732  13.913
 10.55843    -19.861  13.891
 10.56922     -0.544  13.893
 10.58001     15.753  13.892
 10.59080      1.005  13.864
 10.60159    -16.871  13.833
 10.61238    -14.510  13.820
 10.62317    -15.314  13.804
 10.63396     -4.459  13.798
 10.64475    -17.268  13.772
 10.65555    -30.407  13.745
 10.66634    -20.625  13.739
 10.67713    -23.923  13.721
 10.68792    -13.690  13.715
 10.69871      4.464  13.716
 10.70950     -3.092  13.695
 10.72029    -30.371  13.655
 10.73108    -22.243  13.648
 10.74187     -3.328  13.650
 10.75266    -18.133  13.622
 10.76345    -30.972  13.596
 10.77424    -40.074  13.573
 10.78503    -29.085  13.568
 10.79582     -5.323  13.574
 10.80661      8.251  13.572
 10.81740      3.517  13.553
 10.82819    -12.346  13.524
 10.83898    -29.638  13.494
 10.84977    -23.888  13.484
 10.86056    -13.387  13.479
 10.87135    -24.120  13.455
 10.88214     -8.146  13.455
 10.89293      3.681  13.451
 10.90372     -3.525  13.430
 10.91451    -19.591  13.401
 10.92530    -17.957  13.388
 10.93610     -0.374  13.390
 10.94689     11.616  13.386
 10.95768     12.197  13.372
 10.96847     24.925  13.370
 10.97926     38.850  13.368
 10.99005     42.236  13.357
 11.00084     33.260  13.334
 11.01163     37.994  13.324
 11.02242     59.965  13.330
 11.03321     79.747  13.333
 11.04400     73.203  13.314
 11.05479     62.184  13.290
 11.06558     74.230  13.287
 11.07637     79.474  13.277
 11.08716     70.412  13.255
 11.09795     80.000  13.250
 11.10874    100.179  13.254
 11.11953    115.233  13.254
 11.13032    132.578  13.255
 11.14111    150.007  13.257
 11.15190    171.040  13.262
 11.16269    244.857  13.314
 11.17349    384.247  13.422
 11.18428    613.626  13.608
 11.19507    954.443  13.885
 11.20586   1288.904  14.151
 11.21665   1405.285  14.233
 11.22744   1204.623  14.054
 11.23823    844.025  13.738
 11.24902    523.899  13.449
 11.25981    314.966  13.254
 11.27060    238.207  13.173
 11.28139    202.233  13.128
 11.29218    180.381  13.095
 11.30297    187.040  13.088
 11.31376    198.529  13.085
 11.32455    183.539  13.058
 11.33534    175.629  13.038
 11.34613    158.988  13.010
 11.35692    166.431  13.004
 11.36771    187.078  13.009
 11.37850    185.197  12.994
 11.38929    182.531  12.979
 11.40008    226.833  13.005
 11.41088    300.506  13.058
 11.42167    410.853  13.141
 11.43246    642.125  13.329
 11.44325   1068.325  13.678
 11.45404   1468.639  13.997
 11.46483   1553.059  14.053
 11.47562   1245.257  13.787
 11.48641    817.622  13.416
 11.49720    494.406  13.125
 11.50799    339.373  12.977
 11.51878    268.668  12.903
 11.52957    244.942  12.869
 11.54036    242.479  12.855
 11.55115    242.199  12.842
 11.56194    254.138  12.840
 11.57273    258.417  12.832
 11.58352    266.817  12.827
 11.59431    268.071  12.816
 11.60510    284.263  12.818
 11.61589    327.012  12.843
 11.62668    348.695  12.850
 11.63747    370.530  12.857
 11.64826    410.873  12.880
 11.65906    447.896  12.900
 11.66985    483.054  12.919
 11.68064    527.514  12.946
 11.69143    572.934  12.973
 11.70222    679.493  13.053
 11.71301    802.060  13.146
 11.72380    920.848  13.234
 11.73459   1069.647  13.348
 11.74538   1275.576  13.507
 11.75617   1571.581  13.737
 11.76696   1999.845  14.069
 11.77775   2661.845  14.571
 11.78854   3883.623  15.464
 11.79933   6780.111  17.409
 11.81012  16858.491  22.939
 11.82091  53237.054  36.493
 11.83170 156143.010  60.072
 11.84249 339612.021  87.541
 11.85328 545337.412 110.464
 11.86407 625255.504 118.132
 11.87486 517296.197 107.520
 11.88565 303112.086  82.643
 11.89644 122578.563  53.373
 11.90723  38992.685  31.739
 11.91803  12517.124  20.604
 11.92882   6099.413  16.825
 11.93961   4218.439  15.538
 11.95040   3496.465  15.008
 11.96119   3200.263  14.779
 11.97198   3208.912  14.774
 11.98277   3435.637  14.930
 11.99356   3968.472  15.303
 12.00435   5363.366  16.256
 12.01514   7716.859  17.753
 12.02593  11297.579  19.817
 12.03672  14552.955  21.518
 12.04751  16453.795  22.445
 12.05830  16188.392  22.303
 12.06909  14164.810  21.283
 12.07988  11471.835  19.851
 12.09067   9543.737  18.757
 12.10146   8594.688  18.189
 12.11225   8944.942  18.384
 12.12304  10577.554  19.308
 12.13383  14461.108  21.357
 12.14462  19568.620  23.783
 12.15541  23302.853  25.405
 12.16620  23171.404  25.335
 12.17699  18965.624  23.468
 12.18778  13248.722  20.673
 12.19858   8986.711  18.314
 12.20937   6553.966  16.818
 12.22016   5198.436  15.920
 12.23095   4375.702  15.346
 12.24174   3881.562  14.986
 12.25253   3475.589  14.683
 12.26332   3078.899  14.381
 12.27411   2683.041  14.074
 12.28490   2264.203  13.742
 12.29569   1841.794  13.400
 12.30648   1523.522  13.135
 12.31727   1287.063  12.932
 12.32806   1089.917  12.758
 12.33885    942.503  12.625
 12.34964    848.672  12.535
 12.36043    749.555  12.441
 12.37122    644.275  12.341
 12.38201    562.080  12.260
 12.39280    493.637  12.191
 12.40359    428.537  12.124
 12.41438    371.475  12.064
 12.42517    312.295  12.002
 12.43597    290.454  11.973
 12.44675    274.942  11.949
 12.45755    257.737  11.924
 12.46834    214.631  11.876
 12.47913    184.916  11.839
 12.48992    151.788  11.800
 12.50071    111.265  11.754
 12.51150     96.989  11.731
 12.52229    105.840  11.729
 12.53308     83.550  11.699
 12.54387     66.739  11.674
 12.55466     70.041  11.667
 12.56545     52.136  11.641
 12.57624     35.223  11.616
 12.58703     22.435  11.595
 12.59782     15.049  11.578
 12.60861     21.544  11.574
 12.61940     17.745  11.561
 12.63019     -4.951  11.531
 12.64098     -4.289  11.521
 12.65177      0.898  11.516
 12.66256    -17.890  11.489
 12.67336    -24.492  11.473
 12.68414    -25.434  11.463
 12.69494    -28.077  11.450
 12.70573    -35.242  11.434
 12.71652    -31.766  11.427
 12.72731    -18.827  11.429
 12.73810     -3.868  11.433
 12.74889     19.215  11.444
 12.75968     29.258  11.443
 12.77047     34.482  11.438
 12.78126     23.061  11.418
 12.79205     16.663  11.402
 12.80284     32.894  11.407
 12.81363     72.964  11.433
 12.82442     95.724  11.443
 12.83521    122.602  11.457
 12.84600    186.059  11.504
 12.85679    308.778  11.602
 12.86758    466.918  11.730
 12.87837    583.346  11.820
 12.88916    613.763  11.837
 12.89995    581.044  11.799
 12.91074    536.596  11.751
 12.92154    499.307  11.709
 12.93232    489.192  11.690
 12.94312    515.237  11.703
 12.95391    632.654  11.794
 12.96470    848.964  11.968
 12.97549   1145.713  12.205
 12.98628   1452.907  12.446
 12.99707   1710.039  12.642
 13.00786   1772.562  12.682
 13.01865   1720.123  12.630
 13.02944   1757.620  12.650
 13.04023   1958.681  12.799
 13.05102   2364.730  13.103
 13.06181   2983.838  13.557
 13.07260   3917.555  14.219
 13.08339   5404.715  15.217
 13.09418   7740.376  16.668
 13.10497  11153.413  18.587
 13.11576  14240.937  20.163
 13.12655  15177.122  20.608
 13.13734  13242.415  19.641
 13.14813   9388.597  17.573
 13.15892   5912.171  15.475
 13.16971   3657.381  13.945
 13.18051   2463.112  13.058
 13.19130   1825.859  12.556
 13.20209   1423.482  12.225
 13.21288   1153.325  11.994
 13.22367    974.517  11.836
 13.23446    849.552  11.722
 13.24525    732.546  11.613
 13.25604    630.208  11.516
 13.26683    580.163  11.463
 13.27762    552.873  11.430
 13.28841    517.093  11.389
 13.29920    531.842  11.392
 13.30999    565.624  11.411
 13.32078    635.366  11.461
 13.33157    770.001  11.565
 13.34236    901.629  11.666
 13.35315    960.010  11.705
 13.36394    875.308  11.624
 13.37473    708.034  11.472
 13.38552    584.122  11.357
 13.39631    526.707  11.297
 13.40710    510.392  11.273
 13.41789    532.675  11.282
 13.42868    561.515  11.297
 13.43947    575.621  11.299
 13.45026    607.800  11.316
 13.46106    663.897  11.354
 13.47185    722.414  11.394
 13.48264    768.333  11.423
 13.49343    872.409  11.500
 13.50422    992.890  11.591
 13.51501   1097.777  11.668
 13.52580   1205.744  11.747
 13.53659   1352.404  11.856
 13.54738   1536.941  11.995
 13.55817   1767.821  12.169
 13.56896   2042.715  12.374
 13.57975   2367.234  12.613
 13.59054   2792.821  12.923
 13.60133   3395.149  13.352
 13.61212   4236.034  13.933
 13.62291   5643.390  14.858
 13.63370   8101.890  16.354
 13.64449  13249.619  19.117
 13.65528  26280.880  24.776
 13.66607  63846.363  36.466
 13.67686 144970.827  53.617
 13.68765 260126.124  71.171
 13.69844 350238.182  82.314
 13.70923 356118.071  82.957
 13.72003 270762.365  72.488
 13.73082 152810.759  54.874
 13.74161  66291.768  36.982
 13.75240  25193.687  24.240
 13.76319  12830.818  18.784
 13.77398  10390.755  17.500
 13.78477  11174.135  17.908
 13.79556  13858.632  19.262
 13.80635  17519.235  20.968
 13.81714  21003.380  22.469
 13.82793  21879.207  22.822
 13.83872  20193.482  22.103
 13.84951  17784.482  21.040
 13.86030  15707.992  20.079
 13.87109  13742.837  19.126
 13.88188  11441.881  17.950
 13.89267   8978.945  16.601
 13.90346   6731.665  15.269
 13.91425   5335.417  14.376
 13.92504   4424.229  13.760
 13.93584   3814.982  13.329
 13.94662   3344.940  12.984
 13.95742   2972.037  12.703
 13.96820   2665.959  12.465
 13.97900   2392.262  12.249
 13.98979   2189.606  12.083
 14.00058   2014.495  11.937
 14.01137   1843.019  11.792
 14.02216   1669.248  11.643
 14.03295   1540.372  11.529
 14.04374   1447.614  11.444
 14.05453   1397.523  11.393
 14.06532   1355.653  11.348
 14.07611   1378.069  11.355
 14.08690   1474.427  11.423
 14.09769   1637.625  11.543
 14.10848   1755.248  11.626
 14.11927   1696.376  11.569
 14.13006   1490.854  11.393
 14.14085   1265.693  11.199
 14.15164   1106.104  11.056
 14.16243   1022.227  10.975
 14.17322    974.005  10.924
 14.18401    974.278  10.913
 14.19480   1036.341  10.955
 14.20560   1153.829  11.042
 14.21639   1236.458  11.099
 14.22718   1212.984  11.069
 14.23797   1101.139  10.965
 14.24876    986.159  10.858
 14.25955    921.006  10.792
 14.27034    880.462  10.747
 14.28113    851.094  10.711
 14.29192    821.390  10.675
 14.30271    807.694  10.652
 14.31350    807.630  10.641
 14.32429    807.123  10.630
 14.33508    780.122  10.596
 14.34587    750.110  10.559
 14.35666    727.516  10.529
 14.36745    713.523  10.506
 14.37824    692.933  10.477
 14.38903    648.807  10.428
 14.39982    614.802  10.387
 14.41061    589.542  10.354
 14.42140    560.598  10.318
 14.43219    512.194  10.264
 14.44299    470.370  10.216
 14.45377    433.790  10.173
 14.46457    402.323  10.134
 14.47536    381.863  10.104
 14.48615    352.982  10.068
 14.49694    331.253  10.037
 14.50773    333.367  10.028
 14.51852    343.010  10.025
 14.52931    345.612  10.016
 14.54010    342.627  10.003
 14.55089    356.080  10.003
 14.56168    376.921  10.011
 14.57247    405.099  10.025
 14.58326    458.089  10.061
 14.59405    540.465  10.122
 14.60484    730.703  10.277
 14.61563   1120.942  10.599
 14.62642   1802.705  11.145
 14.63721   2582.142  11.740
 14.64800   3138.481  12.142
 14.65879   3192.555  12.171
 14.66958   2724.703  11.815
 14.68037   2029.802  11.271
 14.69116   1455.873  10.800
 14.70195   1166.135  10.549
 14.71274   1055.754  10.445
 14.72354    946.310  10.341
 14.73433    759.990  10.170
 14.74512    545.159   9.971
 14.75591    360.499   9.795
 14.76670    253.019   9.687
 14.77749    188.049   9.617
 14.78828    148.053   9.569
 14.79907    118.403   9.530
 14.80986     98.443   9.501
 14.82065     69.427   9.463
 14.83144     23.153   9.409
 14.84223     14.261   9.389
 14.85302     16.137   9.380
 14.86381     13.734   9.366
 14.87460      5.425   9.347
 14.88539     -5.858   9.326
 14.89618    -15.007   9.306
 14.90697    -10.924   9.299
 14.91776     -7.528   9.291
 14.92855    -15.675   9.272
 14.93934    -19.341   9.257
 14.95013    -11.334   9.254
 14.96092     -4.844   9.249
 14.97171      5.589   9.247
 14.98251      2.350   9.233
 14.99330      7.536   9.227
 15.00409     -2.467   9.207
 15.01488    -14.377   9.184
 15.02567    -22.764   9.165
 15.03646    -20.146   9.157
 15.04725    -28.765   9.138
 15.05804    -32.630   9.123
 15.06883    -24.990   9.119
 15.07962    -29.754   9.104
 15.09041    -13.498   9.108
 15.10120     19.998   9.129
 15.11199     42.319   9.139
 15.12278     56.061   9.141
 15.13357     70.347   9.144
 15.14436     45.263   9.110
 15.15515     12.138   9.068
 15.16594     -2.922   9.043
 15.17673     -3.279   9.031
 15.18752     13.041   9.036
 15.19831     19.758   9.032
 15.20910     19.657   9.021
 15.21989     33.616   9.024
 15.23068     54.543   9.033
 15.24148     49.889   9.018
 15.25227     46.253   9.004
 15.26306     49.020   8.996
 15.27385     47.177   8.984
 15.28464     49.398   8.975
 15.29543     80.716   8.994
 15.30622     93.604   8.996
 15.31701     98.592   8.990
 15.32780    113.773   8.994
 15.33859    134.296   9.003
 15.34938    153.230   9.011
 15.36017    168.998   9.015
 15.37096    181.736   9.017
 15.38175    197.263   9.021
 15.39254    213.235   9.026
 15.40333    232.924   9.034
 15.41412    250.539   9.041
 15.42491    282.689   9.060
 15.43570    329.122   9.093
 15.44649    381.536   9.132
 15.45728    430.097   9.166
 15.46808    513.260   9.232
 15.47887    625.713   9.324
 15.48966    742.043   9.418
 15.50045    900.737   9.549
 15.51124   1090.491   9.704
 15.52203   1252.082   9.832
 15.53282   1343.781   9.901
 15.54361   1358.586   9.904
 15.55440   1324.073   9.865
 15.56519   1272.426   9.812
 15.57598   1221.008   9.759
 15.58677   1131.489   9.673
 15.59756   1028.835   9.575
 15.60835    963.974   9.509
 15.61914    900.985   9.445
 15.62993    845.062   9.387
 15.64072    813.639   9.350
 15.65151    806.995   9.335
 15.66230    807.090   9.326
 15.67309    802.158   9.312
 15.68388    790.092   9.292
 15.69467    798.020   9.290
 15.70546    833.295   9.313
 15.71625    839.828   9.310
 15.72705    829.368   9.291
 15.73784    819.063   9.273
 15.74863    830.242   9.275
 15.75942    810.790   9.249
 15.77021    778.783   9.211
 15.78100    752.647   9.179
 15.79179    711.961   9.134
 15.80258    665.717   9.084
 15.81337    633.550   9.046
 15.82416    606.110   9.013
 15.83495    548.031   8.952
 15.84574    498.494   8.898
 15.85653    447.506   8.842
 15.86732    417.409   8.806
 15.87811    408.836   8.790
 15.88890    396.002   8.769
 15.89969    369.113   8.736
 15.91048    355.787   8.715
 15.92127    331.653   8.685
 15.93206    307.185   8.654
 15.94285    294.372   8.633
 15.95364    291.605  86.228
 15.96443    268.217  85.928
 15.97522    240.549  85.586
 15.98602    256.314  85.656
 15.99681    306.892  86.054
 16.00760    371.944   8.659
 16.01839    543.392   8.809
 16.02918    759.281   8.998
 16.03997    868.030   9.087
 16.05076    821.297   9.038
 16.06155    630.045   8.858
 16.07234    400.336   8.639
 16.08313    244.638  84.854
 16.09392    160.275  83.976
 16.10471    125.607  83.569
 16.11550    107.294  83.319
 16.12629     97.223   8.315
 16.13708     95.214  83.057
 16.14787    103.500  83.065
 16.15866     96.736  82.928
 16.16945     73.808  82.635
 16.18024     80.547  82.630
 16.19103     83.048  82.584
 16.20182     66.844  82.358
 16.21261     61.689   8.224
 16.22340     57.691  82.131
 16.23420     37.119   8.186
 16.24499     18.864  81.618
 16.25577     15.686  81.520
 16.26657     24.516  81.540
 16.27736     35.871  81.585
 16.28815     47.852  81.636
 16.29894     50.177  81.594
 16.30973     43.108  81.461
 16.32052     34.032  81.309
 16.33131     35.138  81.256
 16.34210     52.013  81.358
 16.35289     53.572  81.311
 16.36368     65.301  81.363
 16.37447    101.846  81.656
 16.38526    101.962  81.597
 16.39605     86.038  81.383
 16.40684     64.020  81.110
 16.41763     40.718  80.825
 16.42842     37.953  80.739
 16.43921     27.522  80.580
 16.45000     17.427  80.424
 16.46079     16.004  80.353
 16.47158     22.327  80.359
 16.48237     42.024  80.495
 16.49317     53.713  80.554
 16.50396     66.815  80.626
 16.51475     84.400  80.743
 16.52554    104.487  80.884
 16.53633    131.455  81.091
 16.54712    214.085  81.830
 16.55791    321.246  82.794
 16.56870    390.145  83.389
 16.57949    406.656  83.492
 16.59028    396.261  83.344
 16.60107    391.088  83.246
 16.61186    363.400  82.937
 16.62265    303.391  82.324
 16.63344    218.276  81.468
 16.64423    163.127  80.893
 16.65502    154.192  80.760
 16.66581    151.304  80.686
 16.67660    128.792   8.042
 16.68739    102.656  80.125
 16.69818    103.761  80.091
 16.70897    141.255   8.041
 16.71976    204.560   8.097
 16.73055    290.578  81.741
 16.74134    388.467  82.616
 16.75214    435.613  83.011
 16.76293    379.470   8.245
 16.77372    261.833   8.130
 16.78451    154.125  80.231
 16.79530     95.006  79.621
 16.80609     65.994  79.301
 16.81688     52.393  79.129
 16.82767     69.283  79.254
 16.83846     91.141  79.426
 16.84925    132.946  79.790
 16.86004    193.965  80.335
 16.87083    213.987  80.488
 16.88162    184.394  80.169
 16.89241    148.739   7.979
 16.90320     96.436   7.925
 16.91399     45.759  78.729
 16.92478      7.670  78.324
 16.93557     -4.091  78.175
 16.94636    -10.632  78.078
 16.95715    -16.722  77.985
 16.96794    -12.283  77.995
 16.97874      0.112  78.083
 16.98953     13.465  78.181
 17.00032     -6.719  77.953
 17.01111    -26.583   7.773
 17.02190    -21.397   7.775
 17.03269    -15.122  77.779
 17.04348     -8.328   7.781
 17.05427     17.633  78.037
 17.06506     25.388  78.083
 17.07585     18.770  77.990
 17.08664    -18.140  77.604
 17.09743    -44.029  77.324
 17.10822    -33.189  77.402
 17.11901    -35.564  77.352
 17.12980    -27.028  77.408
 17.14059    -14.751  77.501
 17.15138    -21.507  77.410
 17.16217    -39.902  77.206
 17.17296    -41.090  77.169
 17.18375    -35.476   7.720
 17.19454    -36.187  77.168
 17.20533    -36.022  77.145
 17.21612    -32.627  77.155
 17.22691    -34.442  77.114
 17.23770    -22.552  77.206
 17.24849    -20.462  77.204
 17.25928    -23.334  77.154
 17.27008    -13.445  77.228
 17.28087      4.932   7.738
 17.29166      7.392  77.386
 17.30245      1.364  77.307
 17.31324     15.271  77.420
 17.32403      7.029  77.321
 17.33482    -10.782  77.129
 17.34561      0.683  77.220
 17.35640     27.523  77.458
 17.36719     65.907  77.806
 17.37798    103.447  78.144
 17.38877    165.714  78.713
 17.39956    298.901  79.937
 17.41035    507.333  81.824
 17.42114    705.767  83.578
 17.43193    778.487  84.198
 17.44272    662.201  83.152
 17.45351    431.820  81.063
 17.46430    236.271  79.246
 17.47509    121.773  78.158
 17.48588     71.978  77.671
 17.49667     48.580  77.433
 17.50746     29.784  77.238
 17.51825     23.356  77.162
 17.52905     27.798   7.719
 17.53984     34.346  77.236
 17.55063     35.593  77.234
 17.56142     30.230  77.168
 17.57221     32.656  77.177
 17.58300     39.777  77.231
 17.59379     42.317  77.241
 17.60458     34.457  77.153
 17.61537     23.655   7.704
 17.62616     36.369  77.145
 17.63695     61.688  77.371
 17.64774     59.370   7.734
 17.65853     72.761   7.745
 17.66932     89.225  77.591
 17.68011     81.619  77.508
 17.69090    100.278   7.767
 17.70169    141.907  78.046
 17.71248    156.699  78.172
 17.72327    176.693  78.345
 17.73406    229.905  78.824
 17.74485    280.217  79.273
 17.75565    311.830  79.549
 17.76644    344.825  79.836
 17.77723    417.174  80.477
 17.78802    514.400  81.333
 17.79881    633.470  82.371
 17.80960    806.528   8.386
 17.82039   1022.097  85.682
 17.83118   1236.965   8.746
 17.84197   1398.185   8.876
 17.85276   1489.753   8.948
 17.86355   1580.620   9.020
 17.87434   1820.100   9.207
 17.88513   2320.279   9.588
 17.89592   3244.353  10.255
 17.90671   4648.440  11.192
 17.91750   6116.245  12.094
 17.92829   6910.431  12.553
 17.93908   6435.015  12.276
 17.94987   4998.410  11.404
 17.96066   3484.857  10.408
 17.97145   2449.496   9.669
 17.98224   1900.891   9.253
 17.99303   1601.713   9.017
 18.00382   1429.521   8.878
 18.01462   1314.078   8.783
 18.02541   1160.533   8.656
 18.03620    979.662  85.049
 18.04699    813.866  83.637
 18.05778    691.180  82.574
 18.06857    596.697  81.745
 18.07936    512.041  80.994
 18.09015    455.776  80.488
 18.10094    418.550  80.149
 18.11173    377.700  79.776
 18.12252    351.123  79.529
 18.13331    350.422  79.512
 18.14410    374.747  79.718
 18.15489    389.050  79.834
 18.16568    412.664  80.032
 18.17647    478.144  80.597
 18.18726    562.988  81.326
 18.19805    703.732  82.526
 18.20884    930.580  84.430
 18.21963   1289.608   8.736
 18.23042   1982.362   9.276
 18.24122   3083.975  10.076
 18.25201   4445.314  10.983
 18.26279   5287.969  11.507
 18.27359   4918.809  11.277
 18.28438   3593.168  10.417
 18.29517   2164.416   9.403
 18.30596   1301.703   8.734
 18.31675    859.613  83.706
 18.32754    611.485  81.591
 18.33833    447.201  80.158
 18.34912    324.735  79.070
 18.35991    223.213  78.157
 18.37070    175.177  77.716
 18.38149    159.970  77.568
 18.39228    103.046  77.044
 18.40307     55.628  76.603
 18.41386     47.494   7.652
 18.42465     49.603  76.527
 18.43544     47.503   7.650
 18.44623     43.533   7.645
 18.45702     24.829  76.270
 18.46781     -7.134  75.968
 18.47860    -20.775  75.832
 18.48939    -31.814   7.572
 18.50018    -54.228  75.504
 18.51097    -57.652  75.462
 18.52176    -47.486  75.544
 18.53256    -29.714  75.695
 18.54335     18.238  76.121
 18.55414     75.517  76.627
 18.56493    166.521  77.431
 18.57572    279.522   7.842
 18.58651    382.932  79.311
 18.59730    436.843  79.764
 18.60809    396.678  79.402
 18.61888    310.747  78.640
 18.62967    218.295  77.813
 18.64046    163.050  77.310
 18.65125    123.731  76.946
 18.66204    101.702  76.736
 18.67283    104.466  76.747
 18.68362    101.882  76.710
 18.69441    110.587  76.774
 18.70520    128.829  76.923
 18.71599    193.231  77.480
 18.72678    328.655   7.865
 18.73757    530.038  80.369
 18.74836    662.094  81.468
 18.75915    637.190  81.242
 18.76994    472.906  79.833
 18.78073    288.440  78.225
 18.79153    191.198  77.357
 18.80232    172.081  77.173
 18.81311    145.889  76.925
 18.82390    109.436  76.586
 18.83469    114.793   7.662
 18.84548    145.576  76.875
 18.85627    180.473  77.166
 18.86706    245.047  77.716
 18.87785    359.219  78.689
 18.88864    516.129  80.012
 18.89943    644.798  81.076
 18.91022    651.037  81.109
 18.92101    548.928  80.234
 18.93180    449.280  79.371
 18.94259    416.338  79.071
 18.95338    437.145  79.230
 18.96417    534.829  80.039
 18.97496    766.367   8.195
 18.98575   1142.205  84.964
 18.99654   1631.456   8.874
 19.00733   2017.884   9.160
 19.01813   2071.416   9.197
 19.02892   1744.257   8.952
 19.03971   1303.044  86.119
 19.05050    956.099  83.346
 19.06129    735.783  81.530
 19.07208    587.709  80.281
 19.08287    519.396  79.688
 19.09366    536.656   7.981
 19.10445    617.006  80.462
 19.11524    733.345  81.402
 19.12603    859.696  82.412
 19.13682    898.626   8.270
 19.14761    786.113  81.767
 19.15840    607.291  80.271
 19.16919    476.599  79.155
 19.17998    428.107  78.723
 19.19077    409.847   7.855
 19.20156    395.711  78.404
 19.21235    405.994  78.468
 19.22314    428.709  78.638
 19.23393    454.925  78.837
 19.24472    488.388  79.095
 19.25551    518.314  79.323
 19.26630    563.153  79.673
 19.27710    630.706  80.210
 19.28789    722.505  80.941
 19.29868    842.819  81.895
 19.30946   1004.209  83.165
 19.32026   1250.160  85.073
 19.33105   1600.020   8.772
 19.34184   2079.976   9.124
 19.35263   2892.581   9.692
 19.36342   4460.374  10.703
 19.37421   8343.963  12.873
 19.38500  21050.116  18.251
 19.39579  55367.126  28.017
 19.40658 124158.736  41.112
 19.41737 200591.863  51.912
 19.42816 232241.086  55.762
 19.43895 190088.312  50.533
 19.44974 110074.077  38.744
 19.46053  48567.432  26.323
 19.47132  18191.182  17.146
 19.48211   7613.976  12.455
 19.49290   4147.359  10.469
 19.50370   2966.716   9.699
 19.51448   2580.415   9.431
 19.52527   2685.544   9.501
 19.53607   3192.753   9.841
 19.54686   3999.118  10.359
 19.55765   4502.091  10.668
 19.56844   4158.269  10.452
 19.57923   3200.548   9.833
 19.59002   2211.626   9.151
 19.60081   1491.755  86.198
 19.61160   1088.971  83.071
 19.62239    882.365  81.407
 19.63318    744.836  80.273
 19.64397    658.192  79.540
 19.65476    598.030  79.018
 19.66555    553.990   7.863
 19.67634    503.329  78.180
 19.68713    428.553  77.529
 19.69792    393.119   7.720
 19.70871    374.938  77.023
 19.71950    345.002  76.743
 19.73029    333.030  76.613
 19.74108    318.625   7.646
 19.75187    300.177  76.279
 19.76266    275.933  76.045
 19.77345    228.361  75.611
 19.78424    191.316  75.266
 19.79504    179.499  75.136
 19.80583    151.362  74.866
 19.81662    134.757  74.695
 19.82741    130.445  74.629
 19.83820    112.004  74.441
 19.84899     88.323  74.208
 19.85978     65.088  73.978
 19.87057     62.039  73.922
 19.88136     73.809  73.996
 19.89215     83.842  74.054
 19.90294     79.213  73.985
 19.91373     69.896  73.875
 19.92452     64.502  73.799
 19.93531     58.012   7.371
 19.94610     57.105  73.677
 19.95689     58.932  73.664
 19.96768     64.105  73.680
 19.97847     65.516  73.663
 19.98926     54.443  73.538
 20.00005     61.340  73.569
 20.01084     59.935  73.527
 20.02163     59.837  73.497
 20.03242     73.081  73.583
 20.04322     68.404  73.513
 20.05401     68.486  73.485
 20.06480     47.532  73.274
 20.07559     23.837  73.039
 20.08638     19.319  72.971
 20.09717     10.534   7.287
 20.10796     13.847   7.287
 20.11875     16.031  72.855
 20.12954      2.522  72.709
 20.14033     -2.698  72.634
 20.15112    -10.480  72.538
 20.16191     -7.410   7.254
 20.17270      2.470  72.592
 20.18349      2.858  72.567
 20.19428    -11.809  72.410
 20.20507    -41.208  72.125
 20.21586    -52.073  72.002
 20.22665    -54.252  71.954
 20.23744    -31.402  72.125
 20.24823    -14.810  72.241
 20.25902    -27.309  72.103
 20.26981    -40.186  71.963
 20.28061    -55.825  71.798
 20.29140    -49.973   7.182
 20.30219    -34.032  71.931
 20.31298    -36.298  71.883
 20.32377    -49.669   7.174
 20.33456    -41.357  71.783
 20.34535    -19.925  71.942
 20.35614    -23.045  71.886
 20.36693    -16.844  71.912
 20.37772     12.152  72.136
 20.38851     29.120  72.255
 20.39930     33.382  72.264
 20.41009     21.022  72.130
 20.42088     16.098  72.060
 20.43167     48.352  72.311
 20.44246     76.191  72.522
 20.45325     83.305  72.556
 20.46404     94.605  72.626
 20.47483     96.687  72.616
 20.48562    103.971  72.652
 20.49641    135.609  72.895
 20.50720    177.130  73.220
 20.51799    186.995  73.277
 20.52878    182.416  73.211
 20.53958    201.986  73.350
 20.55036    232.091  73.577
 20.56115    284.310  73.989
 20.57194    385.966  74.807
 20.58274    534.739  75.999
 20.59353    663.476  77.011
 20.60432    729.552  77.512
 20.61511    692.053  77.186
 20.62590    572.309  76.198
 20.63669    463.552  75.287
 20.64748    403.641  74.770
 20.65827    383.894  74.582
 20.66906    393.332  74.635
 20.67985    412.622  74.768
 20.69064    443.847  74.999
 20.70143    489.234  75.345
 20.71222    528.119  75.636
 20.72301    591.810  76.126
 20.73380    666.452  76.699
 20.74459    749.526  77.335
 20.75538    868.788  78.249
 20.76617   1000.158  79.244
 20.77696   1141.429  80.302
 20.78775   1279.709  81.322
 20.79855   1419.782  82.343
 20.80934   1607.688  83.699
 20.82013   1784.828   8.495
 20.83092   1928.207  85.952
 20.84171   2087.801   8.705
 20.85250   2202.665   8.782
 20.86329   2273.369   8.829
 20.87408   2371.518   8.893
 20.88487   2595.543   9.043
 20.89566   3004.770   9.311
 20.90645   3818.532   9.825
 20.91724   5434.106  10.774
 20.92803   7572.434  11.914
 20.93882   9399.677  12.807
 20.94961   9990.193  13.079
 20.96040   8743.200  12.485
 20.97119   6794.505  11.498
 20.98198   5301.615  10.681
 20.99277   4302.758  10.097
 21.00356   3805.941   9.792
 21.01435   3588.386   9.654
 21.02514   3534.271   9.618
 21.03593   3669.404   9.700
 21.04672   4034.345   9.921
 21.05752   4571.000  10.239
 21.06831   5115.919  10.552
 21.07910   5504.748  10.769
 21.08989   5923.398  10.997
 21.10068   6951.546  11.543
 21.11147   9177.768  12.646
 21.12226  12246.871  14.024
 21.13305  14790.034  15.069
 21.14384  14136.914  14.803
 21.15463  10836.949  13.396
 21.16542   7729.558  11.922
 21.17621   5542.666  10.765
 21.18700   4251.450  10.019
 21.19779   3516.967   9.568
 21.20858   3003.010   9.239
 21.21937   2618.833   8.985
 21.23016   2331.735   8.790
 21.24095   2108.090   8.634
 21.25174   1912.871  84.966
 21.26253   1689.642  83.366
 21.27332   1488.762  81.900
 21.28411   1336.067  80.765
 21.29490   1191.251  79.674
 21.30570   1067.126  78.725
 21.31649    928.791  77.658
 21.32728    813.175  76.753
 21.33807    734.496  76.127
 21.34886    668.169  75.594
 21.35965    619.068  75.194
 21.37044    564.076   7.475
 21.38123    501.967  74.238
 21.39202    440.072  73.730
 21.40281    393.611  73.344
 21.41360    355.882  73.027
 21.42439    344.325   7.292
 21.43518    337.599  72.855
 21.44597    294.203  72.491
 21.45676    270.806   7.229
 21.46755    249.384  72.103
 21.47834    186.527  71.577
 21.48913    145.917  71.232
 21.49992    137.213   7.115
 21.51071    127.366  71.059
 21.52150    121.182  70.999
 21.53229    114.513   7.093
 21.54309    101.914  70.821
 21.55388     99.250  70.790
 21.56467     89.590  70.702
 21.57546     93.141  70.723
 21.58625    123.159   7.096
 21.59704    169.432  71.336
 21.60783    261.140  72.077
 21.61862    405.194  73.229
 21.62941    522.221  74.149
 21.64020    549.088   7.435
 21.65099    467.495   7.370
 21.66178    313.128  72.458
 21.67257    214.585  71.652
 21.68336    170.251  71.283
 21.69415    187.937  71.421
 21.70494    279.064  72.154
 21.71573    374.678   7.291
 21.72652    424.604  73.305
 21.73731    404.783  73.141
 21.74810    327.871  72.520
 21.75889    195.755   7.145
 21.76968     81.677  70.508
 21.78047     37.094  70.135
 21.79126     36.015   7.012
 21.80205     17.745  69.965
 21.81284    -11.396  69.719
 21.82363    -21.516  69.631
 21.83442    -17.543  69.660
 21.84522     -7.510  69.739
 21.85601     -3.478  69.768
 21.86680      3.191  69.820
 21.87759    -19.318  69.630
 21.88838    -37.891  69.472
 21.89917    -23.958  69.584
 21.90996      4.415  69.816
 21.92075     46.367   7.016
 21.93154     61.383  70.278
 21.94233     47.645  70.162
 21.95312     33.699  70.045
 21.96391      3.531  69.793
 21.97470     18.142  69.911
 21.98549     38.960  70.079
 21.99628     36.391  70.055
 22.00707     56.325   7.022
 22.01786     63.093  70.268
 22.02865     79.231  70.397
 22.03944     90.480  70.486
 22.05023     78.388  70.385
 22.06103     81.268  70.406
 22.07182     92.091  70.492
 22.08261     93.175  70.498
 22.09340    116.330  70.683
 22.10419    132.604  70.812
 22.11498    130.337  70.792
 22.12577    158.559  71.016
 22.13656    212.623   7.145
 22.14735    259.759  71.819
 22.15814    282.486  71.996
 22.16893    291.029  72.061
 22.17972    306.457  72.180
 22.19051    327.650  72.343
 22.20130    343.337  72.464
 22.21209    387.518  72.806
 22.22288    421.390  73.067
 22.23367    450.873  73.292
 22.24446    514.099  73.776
 22.25525    558.116  74.110
 22.26604    590.895  74.356
 22.27683    650.895  74.808
 22.28762    705.870  75.218
 22.29841    724.330  75.353
 22.30920    761.760  75.628
 22.32000    800.985  75.916
 22.33079    817.336  76.033
 22.34158    808.972  75.966
 22.35236    801.133  75.903
 22.36316    808.586  75.954
 22.37395    796.998  75.863
 22.38474    772.124  75.673
 22.39553    740.819   7.543
 22.40632    733.999  75.379
 22.41711    726.788  75.321
 22.42790    679.386  74.961
 22.43869    617.739   7.449
 22.44948    578.550  74.193
 22.46027    553.683  74.000
 22.47106    528.347  73.803
 22.48185    527.436  73.792
 22.49264    561.245   7.404
 22.50343    624.928  74.519
 22.51422    706.340  75.122
 22.52501    772.466  75.607
 22.53580    773.721  75.611
 22.54659    701.662  75.071
 22.55738    602.482   7.432
 22.56817    510.788   7.363
 22.57896    469.469  73.308
 22.58976    473.081  73.330
 22.60055    501.672  73.542
 22.61134    513.716  73.627
 22.62213    503.271  73.542
 22.63292    529.642  73.736
 22.64371    578.026  74.094
 22.65450    641.374  74.561
 22.66529    704.843  75.025
 22.67608    776.438  75.546
 22.68687    885.811   7.634
 22.69766   1032.894  77.391
 22.70845   1242.148   7.887
 22.71924   1597.714  81.316
 22.73003   2137.037  84.898
 22.74082   2959.771   9.009
 22.75161   4355.722   9.827
 22.76240   7423.465  11.422
 22.77319  16628.920  15.235
 22.78398  43238.572  22.931
 22.79477  97833.471  33.587
 22.80557 170930.412  43.975
 22.81636 219179.942  49.646
 22.82715 206460.672  48.201
 22.83793 139363.727  39.789
 22.84873  70308.339  28.674
 22.85952  28310.465  18.967
 22.87031  11525.543  13.230
 22.88110   5643.367  10.503
 22.89189   3482.088   9.302
 22.90268   2476.164   8.686
 22.91347   1958.621  83.510
 22.92426   1646.592   8.142
 22.93505   1438.707  79.995
 22.94584   1339.021  79.296
 22.95663   1313.747  79.108
 22.96742   1332.673  79.225
 22.97821   1426.678  79.858
 22.98900   1625.274  81.191
 22.99979   2006.728   8.370
 23.01058   2674.174   8.794
 23.02137   3402.213   9.233
 23.03216   3748.541   9.433
 23.04295   3539.039   9.309
 23.05374   2923.934   8.940
 23.06453   2249.601  85.173
 23.07532   1867.740   8.268
 23.08611   1660.217  81.283
 23.09690   1611.641   8.094
 23.10770   1620.696  80.984
 23.11849   1622.718  80.980
 23.12928   1705.953  81.519
 23.14007   1867.740  82.571
 23.15086   2037.141  83.658
 23.16165   2269.994   8.513
 23.17244   2579.337   8.706
 23.18323   3004.439   8.965
 23.19402   3684.927   9.364
 23.20481   4786.726   9.978
 23.21560   6629.139  10.929
 23.22639   8958.007  12.023
 23.23718  11108.008  12.950
 23.24797  11997.076  13.312
 23.25876  10898.837  12.856
 23.26955   8329.331  11.725
 23.28034   5780.183  10.484
 23.29113   3981.660   9.512
 23.30192   2995.293   8.934
 23.31271   2411.220  85.725
 23.32351   2013.951  83.170
 23.33430   1717.303  81.207
 23.34509   1465.165  79.497
 23.35588   1266.323  78.119
 23.36667   1114.529  77.046
 23.37746    977.937  76.066
 23.38825    849.878  75.134
 23.39904    744.228   7.435
 23.40983    640.070  73.576
 23.42062    542.735  72.840
 23.43141    480.693  72.360
 23.44220    414.756  71.847
 23.45299    335.280  71.229
 23.46378    290.120  70.865
 23.47457    253.693  70.565
 23.48536    210.750  70.214
 23.49615    162.190  69.819
 23.50694    117.602  69.452
 23.51773     79.056  69.130
 23.52852     55.739  68.924
 23.53931     39.275  68.771
 23.55010     15.724  68.562
 23.56089     30.845  68.652
 23.57168     35.766  68.663
 23.58248     -1.550   6.835
 23.59327    -40.401  68.015
 23.60405    -53.033  67.888
 23.61484    -63.522  67.778
 23.62564    -72.724  67.677
 23.63643    -56.473  67.774
 23.64722    -26.138  67.982
 23.65801    -22.811  67.978
 23.66880    -46.219   6.776
 23.67959    -37.936  67.799
 23.69038      0.047  68.063
 23.70117     27.081  68.241
 23.71196     63.320  68.490
 23.72275    105.944  68.785
 23.73354    157.592  69.148
 23.74433    264.593  69.927
 23.75512    395.749  70.875
 23.76591    583.092  72.221
 23.77670    898.282  74.450
 23.78749   1561.232  78.964
 23.79828   3320.534   8.989
 23.80907   8356.315  11.562
 23.81986  19647.078  15.881
 23.83065  38210.984  21.142
 23.84144  57202.317  25.417
 23.85224  65408.798  27.051
 23.86303  55314.494  25.011
 23.87382  34511.313  20.179
 23.88461  16764.519  14.869
 23.89540   7721.947  11.237
 23.90619   4244.392   9.476
 23.91698   2747.169  86.063
 23.92777   1831.979  80.272
 23.93856   1258.956  76.412
 23.94935    893.630  73.833
 23.96014    637.659  71.962
 23.97093    429.509  70.397
 23.98172    274.966  69.202
 23.99251    161.778  68.304
 24.00330     81.132  67.646
 24.01409     44.079  67.319
 24.02488     27.310  67.148
 24.03567     18.705  67.040
 24.04646     20.713  67.014
 24.05725     -1.856  66.797
 24.06805    -37.003  66.481
 24.07884    -42.761  66.393
 24.08962    -25.741   6.648
 24.10041    -13.946  66.532
 24.11121     -5.239  66.556
 24.12200     13.553  66.659
 24.13279     34.316  66.776
 24.14358     44.220  66.809
 24.15437     70.939   6.697
 24.16516    119.170  67.298
 24.17595    194.728  67.831
 24.18674    338.918  68.875
 24.19753    509.336  70.096
 24.20832    714.229   7.154
 24.21911    922.355   7.298
 24.22990   1014.950  73.590
 24.24069    964.506  73.190
 24.25148    780.327  71.837
 24.26227    571.649  70.279
 24.27306    433.784  69.216
 24.28385    348.822  68.535
 24.29464    318.506  68.260
 24.30543    336.594  68.349
 24.31622    382.763   6.865
 24.32701    462.721  69.195
 24.33780    524.559  69.604
 24.34859    511.003   6.946
 24.35938    463.838  69.059
 24.37018    440.342  68.837
 24.38097    443.013  68.808
 24.39176    451.490  68.822
 24.40255    514.682  69.241
 24.41334    661.148  70.266
 24.42413    934.951  72.181
 24.43492   1381.385  75.225
 24.44571   1879.356  78.483
 24.45650   1998.824  79.208
 24.46729   1751.775  77.553
 24.47808   1374.968   7.499
 24.48887   1026.020  72.529
 24.49966    763.442  70.612
 24.51045    576.394  69.200
 24.52124    422.769  68.011
 24.53203    290.001  66.961
 24.54282    260.231   6.668
 24.55361    250.093  66.555
 24.56440    196.875  66.097
 24.57519    163.922  65.792
 24.58599    135.290  65.519
 24.59678    110.111  65.272
 24.60757    128.978  65.366
 24.61836    119.908  65.244
 24.62915    115.597  65.158
 24.63994    153.846   6.540
 24.65073    153.147  65.345
 24.66152    163.461  65.372
 24.67231    202.247  65.619
 24.68310    227.463  65.760
 24.69389    230.475  65.731
 24.70468    242.186  65.769
 24.71547    269.347  65.925
 24.72626    304.075   6.614
 24.73705    331.627  66.295
 24.74784    353.387  66.407
 24.75863    389.347  66.627
 24.76942    446.811  67.008
 24.78021    505.608  67.395
 24.79100    580.556  67.900
 24.80179    653.768  68.388
 24.81258    747.187  69.019
 24.82337    846.444  69.685
 24.83416    938.391  70.292
 24.84495   1046.652  71.009
 24.85574   1198.277  72.020
 24.86653   1382.923  73.242
 24.87732   1613.612  74.752
 24.88812   1900.858   7.660
 24.89891   2244.528  78.762
 24.90970   2751.799  81.868
 24.92049   3543.816   8.652
 24.93128   4801.553   9.344
 24.94207   6753.571  10.329
 24.95286   8467.022  11.121
 24.96365   8933.594  11.323
 24.97444   8173.702  10.979
 24.98523   6416.833  10.146
 24.99602   4696.092   9.259
 25.00681   3566.280   8.626
 25.01760   2974.723  82.735
 25.02839   2721.212  81.150
 25.03918   2651.264  80.673
 25.04997   2757.271  81.275
 25.06076   3150.040  83.591
 25.07155   3933.433   8.807
 25.08234   5106.248   9.439
 25.09313   6245.421  10.015
 25.10392   6588.859  10.179
 25.11472   5686.956   9.726
 25.12551   4334.129   9.006
 25.13630   3121.849  83.097
 25.14709   2379.924  78.513
 25.15788   1958.339  75.768
 25.16867   1724.582  74.182
 25.17946   1632.090   7.352
 25.19025   1563.256  73.007
 25.20104   1512.221  72.616
 25.21183   1467.287  72.264
 25.22262   1345.751  71.384
 25.23341   1206.169  70.369
 25.24420   1067.676  69.347
 25.25499    969.827  68.604
 25.26578    924.495  68.232
 25.27657    914.760  68.117
 25.28736    956.436  68.371
 25.29815   1019.037  68.774
 25.30894   1184.975  69.903
 25.31973   1535.562  72.277
 25.33052   1986.080  75.226
 25.34131   2322.336  77.342
 25.35210   2320.815  77.290
 25.36289   1951.469  74.871
 25.37369   1464.169  71.574
 25.38448   1068.040  68.771
 25.39527    819.835  66.941
 25.40606    672.501  65.814
 25.41685    570.270  65.009
 25.42764    507.310  64.492
 25.43843    469.263  64.161
 25.44922    427.478  63.801
 25.46001    380.481  63.399
 25.47080    360.184  63.201
 25.48159    352.137  63.098
 25.49238    331.916  62.901
 25.50317    313.051  62.714
 25.51396    308.237  62.637
 25.52475    289.675  62.453
 25.53554    302.099  62.510
 25.54633    348.981   6.283
 25.55712    420.447  63.344
 25.56791    439.841  63.454
 25.57870    409.217  63.181
 25.58949    391.390  63.007
 25.60028    321.412  62.429
 25.61107    277.301  62.049
 25.62186    340.601  62.504
 25.63266    406.804  62.977
 25.64345    475.433   6.347
 25.65424    574.837  64.182
 25.66503    676.060  64.904
 25.67582    712.159  65.137
 25.68661    667.739  64.773
 25.69740    554.736  63.892
 25.70819    410.392  62.760
 25.71898    316.273  62.000
 25.72977    250.179  61.452
 25.74056    203.396  61.052
 25.75135    202.394  61.011
 25.76214    190.401  60.885
 25.77293    173.071  60.716
 25.78372    174.250  60.694
 25.79451    181.577  60.722
 25.80530    195.076  60.798
 25.81609    236.672  61.095
 25.82688    273.044  61.350
 25.83767    325.305  61.728
 25.84847    403.285  62.301
 25.85926    427.263  62.456
 25.87005    378.751  62.056
 25.88084    316.781  61.549
 25.89163    272.770  61.179
 25.90242    262.231  61.070
 25.91321    251.845  60.962
 25.92400    270.953   6.109
 25.93479    330.618  61.524
 25.94558    359.003  61.718
 25.95637    353.263  61.649
 25.96716    355.802  61.644
 25.97795    390.529  61.888
 25.98874    446.054  62.289
 25.99953    516.955  62.805
 26.01032    618.339  63.545
 26.02111    739.591  64.423
 26.03190    965.837  66.047
 26.04269   1362.099  68.814
 26.05348   1982.188   7.294
 26.06427   2763.914  77.837
 26.07506   3291.881  80.965
 26.08585   3136.777  80.029
 26.09664   2469.519  75.954
 26.10743   1678.526  70.831
 26.11822   1133.160  67.069
 26.12901    829.502  64.873
 26.13980    700.323  63.906
 26.15060    660.075  63.589
 26.16139    652.768  63.517
 26.17218    647.046  63.457
 26.18297    590.792  63.020
 26.19376    487.491  62.225
 26.20455    395.732  61.510
 26.21534    323.456  60.938
 26.22613    280.599   6.059
 26.23692    249.455   6.033
 26.24771    224.751  60.126
 26.25850    173.533  59.710
 26.26929    166.347  59.640
 26.28008    177.045  59.710
 26.29087    158.033  59.548
 26.30166    136.653   5.937
 26.31245    117.510  59.203
 26.32324    134.534  59.326
 26.33403    146.125  59.406
 26.34482    138.921  59.337
 26.35561    134.129  59.289
 26.36640    139.314  59.319
 26.37720    153.397  59.420
 26.38799    179.662  59.616
 26.39878    205.526  59.809
 26.40957    252.291  60.163
 26.42036    310.604  60.605
 26.43115    364.467   6.101
 26.44194    375.436  61.083
 26.45273    338.322   6.079
 26.46352    253.104  60.125
 26.47431    149.736  59.311
 26.48510     83.918  58.785
 26.49589     67.808  58.651
 26.50668     47.095  58.479
 26.51747     28.627  58.326
 26.52826     20.246  58.253
 26.53905    -11.752   5.799
 26.54984    -21.889  57.905
 26.56063    -28.171   5.785
 26.57142    -23.153  57.885
 26.58221     -9.258  57.991
 26.59300     -2.044  58.044
 26.60379    -28.289  57.830
 26.61458    -69.153  57.498
 26.62537    -72.672  57.466
 26.63617    -50.245  57.643
 26.64695    -63.643  57.532
 26.65774    -77.952  57.414
 26.66854    -69.414  57.480
 26.67933    -68.409  57.485
 26.69012    -54.743  57.592
 26.70091    -42.159  57.690
 26.71170    -13.519  57.916
 26.72249     52.369  58.435
 26.73328    146.327  59.169
 26.74407    260.359  60.047
 26.75486    352.094  60.742
 26.76565    348.765  60.714
 26.77644    262.998  60.059
 26.78723    127.306  59.009
 26.79802     11.262  58.097
 26.80881     -5.169  57.966
 26.81960     35.057  58.282
 26.83039     77.150  58.611
 26.84118    123.903  58.974
 26.85197    174.818  59.367
 26.86276    219.975  59.712
 26.87355    257.935  60.001
 26.88434    271.269  60.101
 26.89514    218.367  59.695
 26.90593    137.986  59.075
 26.91672     87.454  58.682
 26.92751     64.652  58.503
 26.93830     66.418  58.516
 26.94909     76.760  58.596
 26.95988    114.738  58.890
 26.97067    164.430   5.927
 26.98146    163.661  59.265
 26.99225    113.320  58.876
 27.00304     82.618  58.637
 27.01383     69.209  58.532
 27.02462     36.670  58.278
 27.03541     11.923  58.084
 27.04620     30.662  58.229
 27.05699     43.770  58.330
 27.06778     59.984  58.455
 27.07857     32.653  58.242
 27.08936     53.176  58.400
 27.10015     72.693  58.551
 27.11095     47.462  58.354
 27.12174     52.981  58.395
 27.13252     58.048  58.433
 27.14331     44.396   5.833
 27.15411     33.294  58.238
 27.16490     -0.136  57.977
 27.17569    -27.125  57.764
 27.18648    -24.881  57.780
 27.19727    -26.011  57.770
 27.20806    -22.474  57.796
 27.21885    -21.064  57.805
 27.22964    -24.390  57.777
 27.24043    -24.422  57.774
 27.25122    -11.627  57.872
 27.26201    -13.031   5.786
 27.27280    -15.506  57.836
 27.28359     -2.865  57.932
 27.29438    -12.415  57.855
 27.30517    -19.753  57.795
 27.31596    -11.601  57.855
 27.32675     -2.029  57.925
 27.33754     -9.582  57.863
 27.34833     10.236  58.013
 27.35912     40.834  58.245
 27.36991     56.607   5.836
 27.38070     67.483  58.441
 27.39149     62.586  58.398
 27.40228     66.475  58.423
 27.41308     98.091   5.866
 27.42387    126.497   5.887
 27.43466    165.474  59.160
 27.44545    171.526  59.199
 27.45624    185.604   5.930
 27.46703    215.468  59.517
 27.47782    248.384  59.756
 27.48861    299.152  60.127
 27.49940    354.743   6.053
 27.51019    432.256   6.109
 27.52098    514.657  61.679
 27.53177    608.850  62.346
 27.54256    771.346  63.486
 27.55335   1183.997  66.303
 27.56414   2343.750  73.656
 27.57493   5613.675   9.125
 27.58572  12082.049  11.860
 27.59651  20542.571  14.686
 27.60730  26285.951  16.325
 27.61809  25029.286  15.977
 27.62888  17380.193  13.688
 27.63968   9121.241  10.684
 27.65047   4044.442  83.155
 27.66126   1815.215   7.028
 27.67205    981.362  64.807
 27.68284    646.387  62.468
 27.69363    497.278  61.392
 27.70442    429.372  60.889
 27.71521    407.326  60.717
 27.72600    424.050  60.826
 27.73679    458.176  61.060
 27.74758    516.907  61.470
 27.75837    601.467  62.060
 27.76916    685.272  62.639
 27.77995    710.497  62.802
 27.79074    711.140  62.792
 27.80153    738.938  62.972
 27.81232    792.033  63.327
 27.82311    933.630   6.429
 27.83390   1156.742  65.779
 27.84469   1366.447  67.149
 27.85548   1458.949  67.734
 27.86627   1299.586  66.677
 27.87706   1039.449  64.927
 27.88785    870.638  63.761
 27.89864    841.659  63.545
 27.90943    915.122  64.033
 27.92022   1031.374  64.806
 27.93102   1076.277  65.091
 27.94181    958.934  64.280
 27.95260    762.704  62.914
 27.96339    622.881  61.918
 27.97418    510.164  61.100
 27.98497    402.524  60.309
 27.99576    301.662   5.956
 28.00655    223.426  58.964
 28.01734    199.055  58.765
 28.02813    202.170  58.771
 28.03892    173.678  58.541
 28.04971    139.322  58.267
 28.06050    125.249  58.144
 28.07129    128.350  58.149
 28.08208    128.637  58.132
 28.09287    117.583  58.031
 28.10366    114.951   5.799
 28.11445     72.776  57.657
 28.12524     43.189  57.415
 28.13603     41.354  57.382
 28.14682     24.900   5.724
 28.15762     32.549  57.277
 28.16841     43.078   5.734
 28.17919     49.894  57.369
 28.18999     22.989  57.146
 28.20078     -5.343  56.912
 28.21157      3.112  56.956
 28.22236     24.393  57.098
 28.23315     33.197  57.145
 28.24394     19.262  57.019
 28.25473     13.121  56.953
 28.26552      0.129  56.834
 28.27631     -7.575  56.756
 28.28710     -2.412  56.775
 28.29789      8.040   5.683
 28.30868      9.945  56.829
 28.31947     13.413  56.835
 28.33026      1.045  56.721
 28.34105    -13.012  56.595
 28.35184    -12.970  56.575
 28.36263      9.276  56.724
 28.37343     -6.793  56.582
 28.38421     10.646  56.695
 28.39500     31.033  56.829
 28.40579     34.907  56.839
 28.41659     50.721  56.938
 28.42738     53.678  56.941
 28.43817      6.002  56.562
 28.44896    -12.928  56.399
 28.45975      4.610  56.513
 28.47054    -34.148  56.200
 28.48133    -64.972  55.946
 28.49212    -58.032  55.980
 28.50291    -50.896   5.602
 28.51370    -42.537  56.061
 28.52449    -47.460  56.005
 28.53528    -41.070  56.036
 28.54607    -59.951  55.874
 28.55686    -61.345  55.846
 28.56765    -10.267  56.217
 28.57844      0.611  56.282
 28.58923     -7.496  56.204
 28.60002     -4.908  56.207
 28.61081     -1.258  56.218
 28.62160     25.344  56.402
 28.63239     35.163  56.460
 28.64318     45.193   5.652
 28.65397     67.308  56.670
 28.66476     59.520  56.597
 28.67556     40.230  56.437
 28.68635     22.631   5.629
 28.69714     18.893  56.248
 28.70793     18.166  56.228
 28.71872     27.040  56.282
 28.72951     20.213  56.217
 28.74030     16.638  56.178
 28.75109     32.847   5.629
 28.76188     47.141  56.382
 28.77267     56.404   5.644
 28.78346     99.818  56.753
 28.79425    119.144  56.885
 28.80504    167.025  57.229
 28.81583    188.343  57.375
 28.82662    143.418  57.035
 28.83741     84.000  56.585
 28.84820     72.281  56.489
 28.85899     88.535  56.602
 28.86978     83.659  56.558
 28.88057     70.317  56.451
 28.89136     77.008  56.494
 28.90216     82.536  56.529
 28.91295     74.953  56.467
 28.92374     97.709  56.631
 28.93453     90.899  56.575
 28.94532     58.801  56.333
 28.95611     40.850  56.196
 28.96690     40.806  56.192
 28.97769     38.337  56.171
 28.98848     27.763  56.091
 28.99927     25.686  56.074
 29.01006     21.902  56.045
 29.02085    -14.589  55.772
 29.03164    -25.577  55.690
 29.04243      1.405  55.894
 29.05322     27.122  56.087
 29.06401     37.654  56.168
 29.07480      9.409  55.961
 29.08559     16.543  56.017
 29.09638     46.973   5.625
 29.10717     55.419  56.315
 29.11796     59.088  56.347
 29.12875     91.564  56.592
 29.13954    152.441  57.044
 29.15033    192.615  57.343
 29.16112    206.218  57.449
 29.17191    220.214  57.558
 29.18270    214.534  57.525
 29.19350    178.474  57.273
 29.20429    117.234  56.838
 29.21508     72.662  56.523
 29.22587     55.905  56.411
 29.23666     32.832  56.254
 29.24745      4.552  56.058
 29.25824     15.434  56.153
 29.26903      1.679  56.066
 29.27982     -7.477  56.013
 29.29061     -2.913  56.063
 29.30140    -14.964  55.991
 29.31219      3.513  56.144
 29.32298     -8.813  56.071
 29.33377    -32.307  55.917
 29.34456    -41.541  55.868
 29.35535    -24.376  56.015
 29.36614    -15.814  56.098
 29.37693    -16.443  56.115
 29.38772    -12.091  56.168
 29.39851     -8.177  56.220
 29.40930     -7.419  56.248
 29.42009    -28.315  56.119
 29.43088    -21.550  56.193
 29.44168      6.210  56.420
 29.45247    -15.270  56.289
 29.46326    -20.008  56.281
 29.47405     12.213  56.542
 29.48484     33.592  56.724
 29.49563     46.454   5.684
 29.50642     71.056  57.050
 29.51721     84.722  57.176
 29.52800    116.778  57.434
 29.53879    172.055   5.786
 29.54958    209.440  58.149
 29.56037    184.469  58.003
 29.57116    132.305  57.665
 29.58195     83.954  57.353
 29.59274     92.118  57.443
 29.60353     87.083  57.440
 29.61432     44.090  57.167
 29.62511     24.139  57.058
 29.63590     18.310  57.051
 29.64669     11.763   5.704
 29.65748     38.237  57.263
 29.66827     80.952   5.760
 29.67907     88.338   5.769
 29.68986     86.630  57.714
 29.70065     68.839  57.625
 29.71144     41.383  57.468
 29.72223     39.546  57.493
 29.73302     -4.788  57.217
 29.74381    -35.420  57.038
 29.75460    -13.046  57.236
 29.76539      8.805  57.430
 29.77618    -22.630  57.247
 29.78697    -39.471   5.717
 29.79776      5.135   5.752
 29.80855      6.211  57.571
 29.81934     -7.883  57.512
 29.83013      9.364  57.674
 29.84092     39.812  57.928
 29.85171     44.636  58.002
 29.86250     70.298  58.221
 29.87329     60.024  58.191
 29.88408     35.278  58.060
 29.89487     46.154   5.818
 29.90566     52.259  58.260
 29.91645     53.134  58.308
 29.92724     52.414  58.344
 29.93804     76.519   5.855
 29.94883     84.082   5.864
 29.95962     98.739   5.879
 29.97041    154.150   5.920
 29.98120    210.575  59.627
 29.99199    261.077  60.006
 30.00278    313.811  60.397
 30.01357    357.242  60.724
 30.02436    376.489  60.890
 30.03515    462.911  61.495
 30.04594    634.723  62.642
 30.05673    840.029  63.978
 30.06752   1168.083  66.034
 30.07831   1831.598  69.972
 30.08910   3515.612  79.045
 30.09989   8145.438   9.978
 30.11068  19568.732  13.818
 30.12147  39947.695  18.810
 30.13226  61926.594  23.008
 30.14305  70088.603  24.380
 30.15384  57555.585  22.229
 30.16464  35247.101  17.775
 30.17543  17437.395  13.183
 30.18621   7780.371   9.838
 30.19701   3655.726  79.957
 30.20780   1930.867  70.866
 30.21859   1158.638  66.413
 30.22938    755.930  63.984
 30.24017    501.775  62.415
 30.25096    342.099  61.421
 30.26175    269.412  60.981
 30.27254    196.197  60.534
 30.28333    123.940  60.090
 30.29412     89.121  59.891
 30.30491     42.561  59.613
 30.31570     29.234   5.956
 30.32649     -7.485  59.341
 30.33728    -17.278  59.305
 30.34807      2.312  59.465
 30.35886     43.546   5.977
 30.36965     46.792   5.982
 30.38044     28.600  59.723
 30.39123     37.179  59.806
 30.40202     42.229  59.865
 30.41281     11.582  59.687
 30.42360      8.829  59.693
 30.43439     22.041  59.803
 30.44518     46.173  59.985
 30.45598     23.239  59.855
 30.46677    -15.971  59.617
 30.47756     11.520   5.982
 30.48835     61.170   6.016
 30.49914     71.537  60.250
 30.50993     76.052  60.296
 30.52072    125.076  60.632
 30.53151     92.321  60.434
 30.54230     57.048  60.219
 30.55309     60.062  60.252
 30.56388     28.183  60.057
 30.57467     -6.445  59.843
 30.58546    -21.900  59.753
 30.59625    -33.743  59.685
 30.60704    -19.586  59.788
 30.61783     11.298  59.999
 30.62862      0.342  59.935
 30.63941    -25.087   5.978
 30.65020    -16.341   5.984
 30.66099     27.017  60.126
 30.67178     54.402  60.308
 30.68257    124.327  60.762
 30.69337    171.850  61.069
 30.70416    224.521  61.405
 30.71495    274.691  61.723
 30.72574    231.588  61.448
 30.73653    196.605  61.224
 30.74732    130.635  60.799
 30.75811     63.368  60.363
 30.76890     59.017  60.331
 30.77969     53.571  60.290
 30.79048     70.013  60.390
 30.80127    118.008  60.692
 30.81206    140.065  60.825
 30.82285    195.173  61.167
 30.83364    309.463  61.879
 30.84443    469.843   6.287
 30.85522    634.167  63.862
 30.86601    921.505  65.572
 30.87680   1510.106  68.953
 30.88759   2697.429  75.319
 30.89838   5817.086   8.993
 30.90917  14018.875  12.016
 30.91996  31049.041  16.619
 30.93075  54395.743  21.372
 30.94155  70783.067  24.153
 30.95234  67028.818  23.539
 30.96313  47022.740  19.979
 30.97392  25324.409  15.210
 30.98471  11834.960  11.271
 30.99550   5585.671   8.873
 31.00629   2939.328  76.334
 31.01708   1754.796  70.070
 31.02787   1129.803  66.519
 31.03866    703.034  63.975
 31.04945    507.820  62.766
 31.06024    433.192  62.284
 31.07103    358.092  61.795
 31.08182    280.998  61.290
 31.09261    223.511  60.904
 31.10340    130.848  60.293
 31.11419    110.749  60.141
 31.12498     26.752  59.578
 31.13577     11.047  59.452
 31.14656     29.583  59.547
 31.15735     19.459  59.458
 31.16814     23.955  59.462
 31.17893     -6.019   5.924
 31.18972     21.045  59.395
 31.20052    124.270  60.033
 31.21131    122.714  59.999
 31.22209    108.394  59.884
 31.23289    168.134   6.024
 31.24368    200.183  60.420
 31.25447    160.279  60.144
 31.26526     63.882   5.951
 31.27605    101.362   5.972
 31.28684    207.972  60.378
 31.29763    310.912  61.004
 31.30842    488.409  62.082
 31.31921    667.127   6.315
 31.33000    751.377  63.635
 31.34079    799.692  63.904
 31.35158    708.074  63.336
 31.36237    588.451  62.594
 31.37316    451.374  61.737
 31.38395    404.693  61.432
 31.39474    386.606  61.303
 31.40553    355.648  61.095
 31.41632    380.516  61.234
 31.42711    369.423  61.151
 31.43790    357.902   6.107
 31.44869    337.995  60.930
 31.45949    312.380  60.759
 31.47028    333.015  60.876
 31.48107    353.142  60.991
 31.49186    326.121  60.814
 31.50265    414.088   6.135
 31.51344    507.037  61.914
 31.52423    456.827  61.600
 31.53502    503.241   6.188
 31.54581    643.751   6.273
 31.55660    703.537  63.080
 31.56739    839.397  63.884
 31.57818   1132.354  65.588
 31.58897   1594.049  68.188
 31.59976   2377.320  72.385
 31.61055   3369.313  77.373
 31.62134   3928.951  80.046
 31.63213   3550.653  78.240
 31.64292   2771.216  74.392
 31.65371   1907.506  69.885
 31.66450   1243.236  66.214
 31.67529    968.060  64.635
 31.68608    709.216  63.115
 31.69687    467.491  61.664
 31.70766    396.534  61.234
 31.71846    369.284  61.072
 31.72925    366.349  61.059
 31.74004    347.779  60.949
 31.75083    369.345  61.086
 31.76162    351.913  60.983
 31.77241    222.832  60.189
 31.78320    102.435   5.944
 31.79399     66.601  59.215
 31.80478      1.567  58.805
 31.81557     -3.901  58.771
 31.82636    -95.913  58.182
 31.83715   -117.231  58.043
 31.84794   -116.703  58.042
 31.85873   -100.903  58.138
 31.86952    -82.666  58.246
 31.88031    -55.689  58.407
 31.89110   -155.893  57.749
 31.90189   -165.837  57.668
 31.91268    -82.917  58.180
 31.92347   -129.234  57.857
 31.93426   -113.054  57.932
 31.94505    -56.392  58.260
 31.95585     60.536  58.963
 31.96664     73.166  58.998
 31.97743     49.290   5.880
 31.98822    132.856  59.265
 31.99901    126.541  59.162
 32.00980     27.612  58.467
 32.02059     35.682  58.439
 32.03138     14.945  58.220
 32.04217    -73.242  57.558
 32.05296    -42.713  57.646
 32.06375    -49.965  57.482
 32.07454     44.185  57.957
 32.08533    113.121  58.256
 32.09612    -61.643  56.982
 32.10691   -113.389  56.476
 32.11770   -180.094  55.853
 32.12849    -80.078  56.312
 32.13928    119.569  57.395
 32.15007    116.031  57.144
 32.16086     83.172  56.684
 32.17165    157.297  56.898
 32.18245     20.256  55.713
 32.19323    176.950  56.432
 32.20403    478.659  58.047
 32.21481    474.175  57.673
 32.22561    790.122  59.296
 32.23640   1220.706  61.539
 32.24719   1118.923  60.527
 32.25798   1043.638  59.634
 32.26877   1604.816  62.557
 32.27956   1794.900  63.199
 32.29035   1955.260  63.635
 32.30114   2396.597  65.627
 32.31193   3602.579  71.561
 32.32272   4055.540  73.336
 32.33351   3069.817  67.651
 32.34430   2105.070  61.535
 32.35509   2224.904  61.533
