  1.55922    -35.908  34.735
  1.57001    -24.705  34.648
  1.58080    -43.806  34.489
  1.59159    -78.240  34.295
  1.60238    -41.018  34.278
  1.61317    -23.991  34.214
  1.62396    -61.245  34.020
  1.63475    -68.238  33.902
  1.64554    -26.393  33.902
  1.65633     62.316  34.014
  1.66712     93.466  33.990
  1.67791     23.786  33.731
  1.68870     14.639  33.616
  1.69949     38.053  33.578
  1.71028     35.849  33.482
  1.72107     13.174  33.340
  1.73186     44.480  33.325
  1.74265     73.428  33.304
  1.75344     42.538  33.148
  1.76423     20.353  33.013
  1.77503     13.156  32.913
  1.78582     54.169  32.924
  1.79661     49.283  32.831
  1.80740     25.201  32.697
  1.81819    -11.189  32.536
  1.82898     48.321  32.591
  1.83977     70.927  32.564
  1.85056     67.399  32.479
  1.86135     47.679  32.359
  1.87214     42.673  32.273
  1.88293     50.105  32.215
  1.89372     62.043  32.168
  1.90451     32.851  32.031
  1.91530     28.073  31.949
  1.92609     28.669  31.878
  1.93688     56.618  31.868
  1.94767      3.973  31.684
  1.95846     -4.356  31.597
  1.96925     23.117  31.586
  1.98004     49.101  31.573
  1.99083     50.591  31.508
  2.00162     32.607  31.402
  2.01241      4.152  31.275
  2.02320     21.445  31.244
  2.03400    -18.834  31.094
  2.04479    -29.414  31.006
  2.05558    -40.819  30.917
  2.06637    -53.590  30.826
  2.07716    -59.494  30.749
  2.08795    -45.260  30.715
  2.09874     -6.830  30.731
  2.10953     29.770  30.743
  2.12032     10.133  30.639
  2.13111     15.519  30.587
  2.14190     31.433  30.557
  2.15269     15.055  30.462
  2.16348     43.952  30.458
  2.17427     28.198  30.364
  2.18506     38.132  30.323
  2.19585      7.591  30.201
  2.20664    -14.388  30.096
  2.21743    -33.563  29.997
  2.22822    -34.193  29.936
  2.23901    -53.375  29.839
  2.24980     -6.838  29.871
  2.26059    -16.689  29.793
  2.27138    -48.481  29.671
  2.28218    -52.535  29.604
  2.29297    -19.644  29.610
  2.30376    -14.456  29.562
  2.31455    -10.457  29.512
  2.32534    -33.692  29.409
  2.33613    -26.804  29.365
  2.34692    -50.877  29.261
  2.35771    -24.038  29.256
  2.36850     -6.198  29.233
  2.37929     39.024  29.263
  2.39008     28.504  29.186
  2.40087    -38.465  29.002
  2.41166    -55.061  28.915
  2.42245    -21.809  28.922
  2.43324    -28.646  28.854
  2.44403    -92.801  28.677
  2.45482    -90.380  28.627
  2.46561    -61.929  28.626
  2.47640    -51.811  28.591
  2.48719    -13.042  28.609
  2.49798      2.522  28.583
  2.50877     -4.166  28.517
  2.51956     -1.540  28.468
  2.53035      2.082  28.421
  2.54115    -27.659  28.313
  2.55194    -44.581  28.228
  2.56273    -59.893  28.147
  2.57352    -49.319  28.114
  2.58431     -1.791  28.149
  2.59510     24.788  28.145
  2.60589     28.770  28.100
  2.61668     16.849  28.026
  2.62747     -2.563  27.939
  2.63826    -18.932  27.858
  2.64905    -15.883  27.813
  2.65984    -10.684  27.771
  2.67063     19.172  27.774
  2.68142     -1.560  27.686
  2.69221     20.534  27.675
  2.70300     10.239  27.606
  2.71379     28.023  27.588
  2.72458     11.376  27.509
  2.73537    -10.567  27.420
  2.74616    -17.550  27.359
  2.75695      6.164  27.352
  2.76774      7.063  27.305
  2.77853     -1.471  27.241
  2.78932     -6.343  27.184
  2.80012     17.480  27.178
  2.81091      6.229  27.110
  2.82170     15.782  27.079
  2.83249      8.583  27.019
  2.84328     13.675  26.981
  2.85407     20.606  26.946
  2.86486     32.411  26.919
  2.87565     16.774  26.846
  2.88644     29.031  26.820
  2.89723     18.244  26.756
  2.90802    -12.749  26.657
  2.91881      1.108  26.635
  2.92960      2.048  26.591
  2.94039      2.170  26.546
  2.95118      5.923  26.508
  2.96197     50.297  26.538
  2.97276     47.237  26.488
  2.98355     25.562  26.407
  2.99434      3.675  26.326
  3.00513     21.780  26.313
  3.01592     48.669  26.314
  3.02671     54.547  26.281
  3.03750     39.615  26.212
  3.04830     24.780  26.145
  3.05909      7.772  26.074
  3.06988      6.328  26.029
  3.08067     -2.414  25.972
  3.09146      4.206  25.941
  3.10225    -14.973  25.868
  3.11304     -4.454  25.843
  3.12383      2.896  25.814
  3.13462     15.980  25.795
  3.14541     29.943  25.776
  3.15620     32.380  25.740
  3.16699      2.582  25.650
  3.17778     34.068  25.661
  3.18857     42.078  25.634
  3.19936     28.615  25.572
  3.21015      2.695  25.491
  3.22094     26.447  25.490
  3.23173     29.470  25.455
  3.24252     42.879  25.438
  3.25331     34.284  25.385
  3.26410     27.311  25.335
  3.27489     58.370  25.346
  3.28568     55.536  25.304
  3.29647     44.839  25.248
  3.30727     36.294  25.197
  3.31806     16.882  25.128
  3.32885     21.946  25.099
  3.33964     32.375  25.078
  3.35043     51.394  25.071
  3.36122     24.871  24.992
  3.37201     -5.365  24.908
  3.38280     -6.420  24.870
  3.39359      8.603  24.857
  3.40438     32.717  24.859
  3.41517     44.946  24.842
  3.42596     34.703  24.790
  3.43675      9.204  24.715
  3.44754     -5.717  24.656
  3.45833     23.543  24.666
  3.46912     34.588  24.649
  3.47991     28.204  24.604
  3.49070     32.987  24.576
  3.50149     39.076  24.551
  3.51228     23.039  24.492
  3.52307    -10.782  24.406
  3.53386    -24.015  24.351
  3.54465    -15.375  24.331
  3.55545     21.037  24.353
  3.56624     29.180  24.332
  3.57703     31.973  24.303
  3.58782      0.073  24.221
  3.59861    -21.150  24.156
  3.60940    -22.811  24.120
  3.62019    -32.014  24.074
  3.63098    -50.630  24.013
  3.64177    -22.470  24.023
  3.65256      7.530  24.036
  3.66335     -1.067  23.991
  3.67414      6.972  23.971
  3.68493     21.618  23.962
  3.69572     35.726  23.951
  3.70651     29.025  23.909
  3.71730     -1.352  23.832
  3.72809     -1.556  23.801
  3.73888      2.007  23.775
  3.74967     -1.089  23.739
  3.76046    -12.641  23.691
  3.77125    -10.963  23.663
  3.78204      0.336  23.649
  3.79283      1.136  23.620
  3.80362    -15.571  23.564
  3.81442      5.414  23.565
  3.82521     18.916  23.555
  3.83600     -6.945  23.487
  3.84679    -39.170  23.409
  3.85758    -34.205  23.387
  3.86837    -11.238  23.391
  3.87916     -1.018  23.376
  3.88995      4.183  23.354
  3.90074     -4.125  23.313
  3.91153     -3.645  23.284
  3.92232    -15.219  23.238
  3.93311      2.370  23.235
  3.94390    -18.692  23.175
  3.95469    -11.528  23.157
  3.96548     12.444  23.162
  3.97627     22.701  23.148
  3.98706     30.263  23.131
  3.99785     19.370  23.086
  4.00864    -42.997  22.968
  4.01943    -40.238  22.944
  4.03022    -18.039  22.948
  4.04101    -35.160  22.895
  4.05180    -39.021  22.861
  4.06260    -11.773  22.873
  4.07339     -0.572  22.861
  4.08418     -0.224  22.833
  4.09497    -15.931  22.783
  4.10576    -30.576  22.735
  4.11655    -24.712  22.716
  4.12734     -9.614  22.709
  4.13813     10.375  22.710
  4.14892     11.304  22.684
  4.15971    -25.048  22.606
  4.17050    -49.209  22.545
  4.18129    -34.389  22.538
  4.19208    -34.733  22.511
  4.20287    -37.151  22.481
  4.21366    -24.222  22.472
  4.22445     -7.842  22.468
  4.23524     16.461  22.475
  4.24603      4.421  22.431
  4.25682     -7.257  22.389
  4.26761    -12.177  22.355
  4.27840      6.356  22.354
  4.28919     -7.092  22.309
  4.29998    -59.757  22.210
  4.31077    -75.610  22.162
  4.32157    -67.477  22.147
  4.33236    -46.502  22.150
  4.34315      1.834  22.190
  4.35394      7.052  22.171
  4.36473    -17.645  22.111
  4.37552    -30.830  22.067
  4.38631    -57.513  22.005
  4.39710    -70.329  21.961
  4.40789    -44.363  21.971
  4.41868    -35.645  21.958
  4.42947    -57.254  21.902
  4.44026    -58.196  21.876
  4.45105    -40.456  21.874
  4.46184    -30.881  21.862
  4.47263    -15.461  21.857
  4.48342     24.543  21.886
  4.49421      1.543  21.829
  4.50500     -4.728  21.796
  4.51579    -12.168  21.760
  4.52658     -5.248  21.744
  4.53737     -0.636  21.725
  4.54816     17.610  21.725
  4.55895      0.837  21.677
  4.56975    -20.938  21.623
  4.58054    -45.927  21.565
  4.59133    -36.050  21.553
  4.60212    -18.136  21.552
  4.61291    -10.761  21.537
  4.62370    -11.899  21.511
  4.63449     20.215  21.529
  4.64528     19.444  21.503
  4.65607     29.017  21.491
  4.66686     22.761  21.458
  4.67765     11.874  21.419
  4.68844      4.782  21.385
  4.69923      9.365  21.367
  4.71002      3.296  21.334
  4.72081      0.651  21.307
  4.73160     -5.725  21.274
  4.74239    -25.757  21.223
  4.75318    -18.235  21.209
  4.76397      2.939  21.213
  4.77476     14.282  21.203
  4.78555      1.369  21.162
  4.79634      6.714  21.145
  4.80713      2.375  21.116
  4.81792     -8.912  21.077
  4.82872      7.521  21.075
  4.83951     21.998  21.070
  4.85030     22.374  21.046
  4.86109      7.975  21.004
  4.87188      6.668  20.979
  4.88267     34.443  20.991
  4.89346     44.209  20.980
  4.90425     24.836  20.932
  4.91504     12.045  20.892
  4.92583     18.182  20.876
  4.93662     32.017  20.870
  4.94741     10.134  20.819
  4.95820     33.520  20.826
  4.96899     92.054  20.878
  4.97978     84.234  20.844
  4.99057     38.418  20.763
  5.00136     12.105  20.706
  5.01215     37.625  20.715
  5.02294     55.993  20.716
  5.03373     75.110  20.717
  5.04452     60.072  20.675
  5.05531     70.889  20.666
  5.06610     60.117  20.630
  5.07690     49.692  20.594
  5.08769     18.785  20.532
  5.09848     10.378  20.499
  5.10927     55.158  20.533
  5.12006     80.977  20.543
  5.13085     54.810  20.488
  5.14164     67.031  20.481
  5.15243     44.327  20.430
  5.16322     47.103  20.411
  5.17401     69.208  20.417
  5.18480     90.088  20.421
  5.19559    101.154  20.413
  5.20638     96.171  20.385
  5.21717     51.281  20.307
  5.22796     31.072  20.260
  5.23875     38.592  20.247
  5.24954     47.447  20.237
  5.26033     62.308  20.234
  5.27112     62.649  20.212
  5.28191     25.523  20.145
  5.29270     22.000  20.119
  5.30349     45.597  20.127
  5.31428     75.223  20.142
  5.32508     54.961  20.096
  5.33587     46.345  20.064
  5.34666     82.121  20.087
  5.35745    116.695  20.109
  5.36824     97.177  20.064
  5.37903     89.365  20.034
  5.38982     97.691  20.023
  5.40061     98.974  20.004
  5.41140    112.410  20.000
  5.42219    130.164  20.001
  5.43298    151.964  20.007
  5.44377    147.604  19.981
  5.45456    123.423  19.931
  5.46535    135.384  19.925
  5.47614    146.084  19.918
  5.48693    140.105  19.890
  5.49772    147.620  19.879
  5.50851    140.453  19.851
  5.51930    144.446  19.836
  5.53009    124.226  19.791
  5.54088    107.540  19.751
  5.55167     92.878  19.714
  5.56246     79.982  19.679
  5.57325     81.042  19.661
  5.58404    102.299  19.667
  5.59484     94.032  19.637
  5.60563     94.160  19.618
  5.61642     70.466  19.571
  5.62721     69.434  19.550
  5.63800     46.259  19.504
  5.64879     59.289  19.500
  5.65958     48.626  19.469
  5.67037     40.319  19.440
  5.68116     56.938  19.441
  5.69195     71.584  19.440
  5.70274     36.660  19.380
  5.71353     26.550  19.350
  5.72432     37.761  19.345
  5.73511     28.138  19.315
  5.74590     20.032  19.288
  5.75669     33.651  19.286
  5.76748     48.294  19.285
  5.77827     33.253  19.250
  5.78906     30.436  19.229
  5.79985     39.269  19.221
  5.81064     39.983  19.205
  5.82143     24.223  19.169
  5.83222     -0.407  19.122
  5.84302    -14.627  19.088
  5.85381    -26.321  19.057
  5.86460     13.069  19.087
  5.87539     44.189  19.106
  5.88618     34.108  19.078
  5.89697     33.448  19.060
  5.90776     51.266  19.064
  5.91855     -3.837  18.983
  5.92934    -14.932  18.953
  5.94013     20.332  18.978
  5.95092     17.622  18.959
  5.96171      8.598  18.932
  5.97250     20.038  18.929
  5.98329     31.194  18.926
  5.99408     13.039  18.889
  6.00487    -21.879  18.832
  6.01566    -38.532  18.797
  6.02645    -29.163  18.792
  6.03724    -15.922  18.792
  6.04803      2.353  18.798
  6.05882     24.476  18.808
  6.06961     16.030  18.783
  6.08040      8.903  18.760
  6.09120    -11.993  18.720
  6.10199    -10.980  18.707
  6.11278    -13.099  18.689
  6.12357     -1.752  18.687
  6.13436     -9.186  18.664
  6.14515    -15.868  18.642
  6.15594    -22.684  18.619
  6.16673    -10.898  18.618
  6.17752     -1.923  18.614
  6.18831    -12.753  18.588
  6.19910      1.952  18.590
  6.20989     -3.586  18.570
  6.22068    -31.165  18.524
  6.23147    -47.527  18.492
  6.24226    -34.763  18.492
  6.25305    -30.674  18.483
  6.26384    -31.591  18.469
  6.27463    -54.288  18.429
  6.28542    -57.055  18.413
  6.29621    -49.735  18.408
  6.30700    -41.201  18.404
  6.31779    -43.385  18.388
  6.32858    -45.293  18.373
  6.33938    -71.409  18.330
  6.35017    -63.728  18.326
  6.36096    -43.568  18.336
  6.37175    -34.040  18.334
  6.38254    -58.572  18.294
  6.39333    -61.742  18.278
  6.40412    -65.129  18.261
  6.41491    -40.211  18.277
  6.42570    -32.432  18.274
  6.43649    -27.646  18.267
  6.44728    -40.090  18.241
  6.45807    -36.825  18.232
  6.46886    -67.906  18.185
  6.47965    -41.454  18.203
  6.49044    -15.299  18.221
  6.50123      4.242  18.231
  6.51202    -30.005  18.181
  6.52281    -44.040  18.153
  6.53360    -53.084  18.132
  6.54439    -46.141  18.128
  6.55518    -18.154  18.148
  6.56597     11.490  18.169
  6.57676     -3.603  18.141
  6.58755      2.141  18.137
  6.59835     -6.685  18.116
  6.60914    -12.695  18.098
  6.61993     -2.953  18.098
  6.63072     19.415  18.112
  6.64151     -2.006  18.077
  6.65230    -12.450  18.055
  6.66309    -26.075  18.029
  6.67388    -24.576  18.020
  6.68467    -16.566  18.019
  6.69546     16.869  18.045
  6.70625     26.953  18.045
  6.71704     36.645  18.046
  6.72783     45.596  18.045
  6.73862     63.020  18.054
  6.74941     84.993  18.067
  6.76020    105.962  18.080
  6.77099    118.385  18.083
  6.78178    130.570  18.086
  6.79257    149.242  18.096
  6.80336    186.876  18.127
  6.81415    187.884  18.118
  6.82494    170.003  18.089
  6.83573    143.277  18.050
  6.84652    135.531  18.032
  6.85732    139.547  18.027
  6.86811    139.809  18.018
  6.87890    122.509  17.989
  6.88969     76.321  17.931
  6.90048     69.554  17.914
  6.91127    115.169  17.953
  6.92206    131.127  17.961
  6.93285    147.375  17.969
  6.94364    195.882  18.011
  6.95443    210.488  18.017
  6.96522    163.157  17.958
  6.97601    139.624  17.924
  6.98680    168.087  17.945
  6.99759    164.383  17.932
  7.00838    166.990  17.926
  7.01917    162.036  17.911
  7.02996    152.991  17.893
  7.04075    128.556  17.858
  7.05154    120.336  17.841
  7.06233    102.772  17.814
  7.07312    120.852  17.824
  7.08391    124.550  17.819
  7.09470    118.395  17.804
  7.10550    118.785  17.796
  7.11629    126.383  17.795
  7.12708    110.008  17.770
  7.13787    134.259  17.786
  7.14866    166.062  17.811
  7.15945    180.912  17.818
  7.17024    196.677  17.826
  7.18103    222.911  17.844
  7.19182    214.924  17.828
  7.20261    229.200  17.834
  7.21340    267.305  17.865
  7.22419    323.977  17.914
  7.23498    389.429  17.972
  7.24577    459.836  18.035
  7.25656    561.428  18.129
  7.26735    772.214  18.331
  7.27814   1209.402  18.750
  7.28893   1952.682  19.447
  7.29972   2948.244  20.343
  7.31051   3943.361  21.198
  7.32130   4721.427  21.840
  7.33209   5173.182  22.197
  7.34288   5143.088  22.160
  7.35367   4409.925  21.545
  7.36447   3128.098  20.437
  7.37526   1922.632  19.340
  7.38605   1211.681  18.661
  7.39684    844.173  18.296
  7.40763    647.367  18.095
  7.41842    517.590  17.958
  7.42921    436.726  17.869
  7.44000    387.769  17.812
  7.45079    364.075  17.781
  7.46158    350.891  17.759
  7.47237    315.685  17.716
  7.48316    273.865  17.666
  7.49395    244.403  17.629
  7.50474    225.844  17.602
  7.51553    214.662  17.583
  7.52632    187.455  17.548
  7.53711    169.148  17.522
  7.54790    169.584  17.514
  7.55869    153.667  17.490
  7.56948    142.258  17.471
  7.58027    128.161  17.449
  7.59106    132.269  17.445
  7.60185    143.643  17.448
  7.61265    126.587  17.424
  7.62344     84.510  17.374
  7.63423     62.937  17.344
  7.64502     99.889  17.373
  7.65581    100.690  17.366
  7.66660     79.038  17.337
  7.67739     55.593  17.305
  7.68818     62.377  17.304
  7.69897     86.041  17.320
  7.70976     75.950  17.302
  7.72055     40.978  17.259
  7.73134     12.991  17.224
  7.74213     40.133  17.242
  7.75292     52.831  17.247
  7.76371     46.264  17.233
  7.77450     31.653  17.210
  7.78529     34.237  17.205
  7.79608     46.793  17.209
  7.80687     51.417  17.205
  7.81766     51.751  17.198
  7.82845     61.179  17.199
  7.83924     68.300  17.198
  7.85003     77.226  17.198
  7.86083     76.589  17.189
  7.87162     83.965  17.188
  7.88241     79.848  17.176
  7.89320     66.143  17.154
  7.90399     73.429  17.153
  7.91478     78.550  17.150
  7.92557     87.066  17.150
  7.93636    103.299  17.157
  7.94715    106.063  17.151
  7.95794    119.843  17.156
  7.96873    130.882  17.158
  7.97952    113.113  17.132
  7.99031    105.652  17.117
  8.00110    109.379  17.112
  8.01189    102.932  17.097
  8.02268    129.455  17.114
  8.03347    158.807  17.133
  8.04426    159.539  17.125
  8.05505    148.079  17.105
  8.06584    163.318  17.111
  8.07663    189.953  17.128
  8.08742    201.938  17.130
  8.09821    223.131  17.141
  8.10900    253.597  17.161
  8.11979    258.456  17.157
  8.13059    295.771  17.183
  8.14138    356.294  17.231
  8.15217    374.506  17.239
  8.16296    376.427  17.231
  8.17375    406.892  17.250
  8.18454    465.380  17.295
  8.19533    554.234  17.368
  8.20612    674.656  17.470
  8.21691    880.784  17.649
  8.22770   1313.671  18.028
  8.23849   2091.872  18.697
  8.24928   3138.052  19.561
  8.26007   4120.525  20.337
  8.27086   4741.328  20.806
  8.28165   5270.466  21.195
  8.29244   6133.850  21.821
  8.30323   6598.424  22.144
  8.31402   6121.840  21.786
  8.32481   4528.854  20.581
  8.33560   2868.426  19.248
  8.34639   1701.810  18.253
  8.35718   1074.615  17.691
  8.36798    762.062  17.399
  8.37877    594.236  17.236
  8.38956    483.903  17.125
  8.40035    395.224  17.033
  8.41114    312.709  16.947
  8.42193    263.804  16.891
  8.43272    200.305  16.822
  8.44351    178.065  16.791
  8.45430    177.829  16.780
  8.46509    173.335  16.766
  8.47588    158.646  16.742
  8.48667    131.177  16.706
  8.49746     97.183  16.664
  8.50825     92.515  16.649
  8.51904     71.177  16.618
  8.52983     67.146  16.604
  8.54062     66.761  16.593
  8.55141     63.599  16.579
  8.56220     28.298  16.536
  8.57299     -5.909  16.493
  8.58378     14.388  16.501
  8.59457     38.104  16.512
  8.60536     18.945  16.484
  8.61615    -12.926  16.443
  8.62695    -10.696  16.434
  8.63774     -1.973  16.431
  8.64853     15.220  16.436
  8.65932     22.026  16.431
  8.67011      6.282  16.405
  8.68090     -9.590  16.379
  8.69169     -0.707  16.376
  8.70248    -15.122  16.352
  8.71327     -6.030  16.349
  8.72406      3.249  16.346
  8.73485     -3.157  16.328
  8.74564      0.076  16.320
  8.75643      9.676  16.317
  8.76722     -5.550  16.291
  8.77801    -14.218  16.272
  8.78880     -5.452  16.268
  8.79959     -3.073  16.259
  8.81038    -15.603  16.235
  8.82117    -30.022  16.210
  8.83196    -27.969  16.200
  8.84275    -25.079  16.191
  8.85354    -13.659  16.189
  8.86433    -38.543  16.154
  8.87512    -55.090  16.127
  8.88592    -14.373  16.152
  8.89671      9.728  16.162
  8.90750    -12.982  16.129
  8.91829     -9.390  16.120
  8.92908    -13.358  16.104
  8.93987    -45.209  16.062
  8.95066    -31.078  16.063
  8.96145      6.492  16.085
  8.97224     17.355  16.082
  8.98303    -16.643  16.038
  8.99382    -49.719  15.995
  9.00461    -29.251  16.001
  9.01540    -30.389  15.988
  9.02619    -24.011  15.981
  9.03698    -20.346  15.971
  9.04777    -47.056  15.934
  9.05856    -62.379  15.907
  9.06935    -45.794  15.909
  9.08014    -24.998  15.915
  9.09093    -23.268  15.904
  9.10172     -7.805  15.905
  9.11251     -2.054  15.897
  9.12330    -19.038  15.868
  9.13410    -22.288  15.852
  9.14489    -13.403  15.847
  9.15568    -14.744  15.832
  9.16647     -1.655  15.831
  9.17726     19.368  15.836
  9.18805     19.479  15.823
  9.19884     21.485  15.811
  9.20963     10.145  15.787
  9.22042     -4.835  15.760
  9.23121     -5.461  15.746
  9.24200    -11.613  15.727
  9.25279    -31.119  15.696
  9.26358    -23.150  15.689
  9.27437    -16.424  15.681
  9.28516      2.784  15.685
  9.29595      4.974  15.673
  9.30674     -3.472  15.652
  9.31753    -35.610  15.609
  9.32832    -40.732  15.590
  9.33911    -14.390  15.600
  9.34990      8.689  15.607
  9.36069     -3.140  15.582
  9.37148    -14.189  15.558
  9.38227     -2.833  15.554
  9.39307     10.075  15.551
  9.40386      0.837  15.529
  9.41465      9.136  15.522
  9.42544     49.257  15.544
  9.43623     55.749  15.535
  9.44702     34.640  15.502
  9.45781      3.563  15.460
  9.46860    -17.011  15.427
  9.47939    -19.461  15.410
  9.49018     -8.730  15.405
  9.50097      8.599  15.406
  9.51176      6.281  15.390
  9.52255     -1.923  15.368
  9.53334      1.253  15.356
  9.54413     -1.300  15.339
  9.55492     10.203  15.335
  9.56571      3.170  15.314
  9.57650     28.291  15.322
  9.58729     36.035  15.314
  9.59808     21.691  15.286
  9.60887     36.227  15.284
  9.61966     53.374  15.285
  9.63045     40.948  15.259
  9.64124     23.035  15.228
  9.65204     25.021  15.215
  9.66283     28.263  15.203
  9.67362     40.323  15.199
  9.68441     40.863  15.184
  9.69520     45.050  15.173
  9.70599     52.429  15.165
  9.71678     79.510  15.174
  9.72757    141.706  15.214
  9.73836    189.321  15.241
  9.74915    178.405  15.217
  9.75994    145.217  15.172
  9.77073    103.816  15.120
  9.78152     64.594  15.070
  9.79231     31.299  15.025
  9.80310     23.048  15.002
  9.81389     22.923  14.987
  9.82468     33.155  14.981
  9.83547     20.154  14.954
  9.84626    -19.737  14.903
  9.85705     -4.570  14.902
  9.86784     33.071  14.920
  9.87863     22.218  14.895
  9.88943      6.997  14.866
  9.90022    -15.144  14.831
  9.91101    -24.446  14.807
  9.92180     -9.134  14.806
  9.93259      6.040  14.804
  9.94338      7.613  14.790
  9.95417     16.176  14.782
  9.96496     23.489  14.774
  9.97575     -3.927  14.734
  9.98654     -0.739  14.721
  9.99733     23.257  14.727
 10.00812     54.574  14.740
 10.01891     53.729  14.724
 10.02970     40.981  14.697
 10.04049     40.932  14.681
 10.05128     40.311  14.665
 10.06207     40.501  14.650
 10.07286     29.522  14.625
 10.08365      0.632  14.584
 10.09444     -7.764  14.561
 10.10523      4.250  14.556
 10.11602      8.693  14.545
 10.12681     -9.362  14.513
 10.13761     -9.960  14.497
 10.14840     -7.081  14.484
 10.15919     -9.442  14.467
 10.16998     -0.333  14.459
 10.18077     10.031  14.453
 10.19156      9.051  14.437
 10.20235      3.193  14.416
 10.21314     -4.305  14.394
 10.22393      3.186  14.385
 10.23472     16.824  14.382
 10.24551     19.555  14.369
 10.25630     16.565  14.351
 10.26709     16.105  14.335
 10.27788      7.244  14.312
 10.28867     -8.941  14.282
 10.29946    -11.876  14.264
 10.31025      8.241  14.267
 10.32104     26.591  14.268
 10.33183      7.760  14.236
 10.34262     -6.354  14.208
 10.35341      1.589  14.199
 10.36420     29.344  14.209
 10.37499     41.535  14.204
 10.38578     26.230  14.175
 10.39658      6.510  14.142
 10.40737     20.837  14.140
 10.41816     26.206  14.129
 10.42895     29.485  14.117
 10.43974     39.673  14.111
 10.45053     45.208  14.101
 10.46132     50.771  14.090
 10.47211     41.878  14.067
 10.48290     25.021  14.037
 10.49369     21.501  14.019
 10.50448     24.977  14.007
 10.51527     34.804  14.000
 10.52606     13.859  13.966
 10.53685     -6.649  13.933
 10.54764      9.506  13.932
 10.55843     18.986  13.926
 10.56922    -10.109  13.885
 10.58001    -23.011  13.858
 10.59080    -12.769  13.852
 10.60159    -11.801  13.838
 10.61238    -11.263  13.823
 10.62317     -9.798  13.810
 10.63396      3.491  13.807
 10.64475    -13.744  13.776
 10.65555     -5.942  13.768
 10.66634     16.222  13.773
 10.67713      6.344  13.750
 10.68792    -18.513  13.713
 10.69871    -31.564  13.686
 10.70950    -39.154  13.664
 10.72029    -61.012  13.630
 10.73108    -55.210  13.620
 10.74187    -35.745  13.623
 10.75266    -20.291  13.622
 10.76345    -17.165  13.610
 10.77424    -35.086  13.580
 10.78503    -45.475  13.556
 10.79582    -26.568  13.558
 10.80661      0.235  13.568
 10.81740     -5.196  13.548
 10.82819    -36.609  13.505
 10.83898    -32.774  13.494
 10.84977     -9.982  13.500
 10.86056    -12.468  13.484
 10.87135    -17.663  13.465
 10.88214     -0.115  13.466
 10.89293     -0.132  13.451
 10.90372     -5.538  13.432
 10.91451     -2.687  13.421
 10.92530      3.502  13.412
 10.93610     22.401  13.414
 10.94689     29.898  13.407
 10.95768     16.230  13.381
 10.96847     -1.714  13.350
 10.97926      6.406  13.343
 10.99005     19.693  13.341
 11.00084      8.180  13.317
 11.01163     -8.876  13.287
 11.02242     14.939  13.295
 11.03321     50.712  13.313
 11.04400     70.296  13.316
 11.05479     67.598  13.300
 11.06558     77.057  13.295
 11.07637    111.610  13.311
 11.08716    136.691  13.320
 11.09795    119.406  13.291
 11.10874    107.716  13.267
 11.11953    140.687  13.282
 11.13032    174.668  13.299
 11.14111    193.097  13.301
 11.15190    197.186  13.291
 11.16269    225.597  13.303
 11.17349    354.523  13.403
 11.18428    623.227  13.622
 11.19507    969.815  13.904
 11.20586   1264.671  14.137
 11.21665   1386.405  14.224
 11.22744   1193.481  14.051
 11.23823    802.019  13.708
 11.24902    494.654  13.431
 11.25981    327.124  13.271
 11.27060    244.732  13.186
 11.28139    191.113  13.125
 11.29218    184.354  13.106
 11.30297    165.137  13.075
 11.31376    142.547  13.042
 11.32455    142.398  13.029
 11.33534    149.290  13.022
 11.34613    137.521  12.999
 11.35692    133.405  12.982
 11.36771    156.151  12.989
 11.37850    165.554  12.985
 11.38929    180.509  12.985
 11.40008    222.018  13.009
 11.41088    285.185  13.052
 11.42167    393.710  13.134
 11.43246    625.793  13.323
 11.44325   1044.800  13.666
 11.45404   1458.103  13.995
 11.46483   1573.919  14.077
 11.47562   1295.509  13.836
 11.48641    856.562  13.456
 11.49720    502.613  13.140
 11.50799    350.168  12.995
 11.51878    288.707  12.928
 11.52957    255.532  12.887
 11.54036    242.133  12.862
 11.55115    243.866  12.851
 11.56194    242.424  12.838
 11.57273    245.461  12.828
 11.58352    275.798  12.843
 11.59431    279.212  12.833
 11.60510    294.353  12.834
 11.61589    312.381  12.838
 11.62668    338.105  12.848
 11.63747    364.373  12.859
 11.64826    403.920  12.882
 11.65906    445.681  12.906
 11.66985    496.115  12.938
 11.68064    539.228  12.963
 11.69143    582.785  12.989
 11.70222    653.232  13.038
 11.71301    764.959  13.121
 11.72380    880.021  13.207
 11.73459   1033.527  13.324
 11.74538   1243.593  13.487
 11.75617   1530.011  13.710
 11.76696   1952.574  14.038
 11.77775   2594.168  14.526
 11.78854   3758.246  15.379
 11.79933   6446.740  17.200
 11.81012  15751.288  22.401
 11.82091  49636.150  35.385
 11.83170 147779.761  58.512
 11.84249 327434.706  85.988
 11.85328 535261.877 109.451
 11.86407 625346.058 118.140
 11.87486 528708.109 108.684
 11.88565 316427.560  84.399
 11.89644 130528.643  54.989
 11.90723  41947.863  32.749
 11.91803  13290.182  21.015
 11.92882   6315.793  16.970
 11.93961   4317.459  15.612
 11.95040   3575.433  15.071
 11.96119   3258.984  14.827
 11.97198   3252.566  14.811
 11.98277   3454.453  14.948
 11.99356   3947.374  15.293
 12.00435   5299.852  16.218
 12.01514   7663.830  17.724
 12.02593  11276.373  19.809
 12.03672  14583.025  21.536
 12.04751  16561.339  22.500
 12.05830  16253.962  22.338
 12.06909  14195.834  21.301
 12.07988  11511.763  19.875
 12.09067   9601.342  18.793
 12.10146   8615.820  18.204
 12.11225   8924.608  18.375
 12.12304  10564.288  19.303
 12.13383  14420.003  21.338
 12.14462  19521.322  23.763
 12.15541  23270.142  25.392
 12.16620  23222.569  25.358
 12.17699  19117.965  23.539
 12.18778  13359.052  20.732
 12.19858   9039.125  18.347
 12.20937   6577.805  16.835
 12.22016   5239.499  15.949
 12.23095   4432.846  15.387
 12.24174   3918.114  15.014
 12.25253   3489.373  14.695
 12.26332   3085.312  14.387
 12.27411   2659.141  14.057
 12.28490   2222.607  13.711
 12.29569   1841.256  13.401
 12.30648   1556.871  13.163
 12.31727   1321.666  12.961
 12.32806   1113.342  12.778
 12.33885    957.067  12.637
 12.34964    853.434  12.540
 12.36043    747.794  12.440
 12.37122    647.781  12.344
 12.38201    567.559  12.265
 12.39280    491.654  12.189
 12.40359    441.922  12.135
 12.41438    407.419  12.095
 12.42517    356.736  12.040
 12.43597    323.786  12.001
 12.44675    298.663  11.968
 12.45755    262.427  11.926
 12.46834    217.051  11.876
 12.47913    192.239  11.844
 12.48992    158.743  11.804
 12.50071    131.730  11.770
 12.51150     96.598  11.728
 12.52229     80.462  11.703
 12.53308     55.036  11.670
 12.54387     28.173  11.636
 12.55466     29.099  11.627
 12.56545     27.890  11.616
 12.57624     25.044  11.603
 12.58703      6.451  11.576
 12.59782    -14.669  11.547
 12.60861    -10.912  11.540
 12.61940    -14.978  11.526
 12.63019     -4.783  11.525
 12.64098      1.330  11.521
 12.65177    -17.761  11.493
 12.66256    -22.241  11.479
 12.67336      0.374  11.489
 12.68414     -0.856  11.478
 12.69494    -22.226  11.449
 12.70573    -28.894  11.433
 12.71652    -25.660  11.426
 12.72731    -27.493  11.414
 12.73810    -12.474  11.417
 12.74889      9.508  11.427
 12.75968      3.835  11.412
 12.77047     17.624  11.414
 12.78126     30.541  11.416
 12.79205     51.694  11.425
 12.80284     49.054  11.412
 12.81363     47.223  11.400
 12.82442     70.626  11.411
 12.83521    129.545  11.454
 12.84600    208.331  11.514
 12.85679    335.122  11.615
 12.86758    476.892  11.728
 12.87837    585.374  11.812
 12.88916    643.100  11.851
 12.89995    609.626  11.812
 12.91074    531.967  11.736
 12.92154    472.814  11.675
 12.93232    467.047  11.660
 12.94312    515.005  11.691
 12.95391    616.247  11.768
 12.96470    809.559  11.922
 12.97549   1120.125  12.172
 12.98628   1437.730  12.422
 12.99707   1695.965  12.619
 13.00786   1777.674  12.674
 13.01865   1728.948  12.625
 13.02944   1756.752  12.637
 13.04023   1950.623  12.780
 13.05102   2396.770  13.115
 13.06181   3082.717  13.618
 13.07260   4009.907  14.272
 13.08339   5450.132  15.236
 13.09418   7776.744  16.680
 13.10497  11171.056  18.587
 13.11576  14290.223  20.178
 13.12655  15242.719  20.631
 13.13734  13313.703  19.668
 13.14813   9415.479  17.578
 13.15892   5900.595  15.455
 13.16971   3633.512  13.914
 13.18051   2455.116  13.038
 13.19130   1839.259  12.551
 13.20209   1454.327  12.234
 13.21288   1184.601  12.004
 13.22367   1005.172  11.845
 13.23446    865.850  11.719
 13.24525    766.508  11.625
 13.25604    683.949  11.544
 13.26683    601.420  11.464
 13.27762    564.848  11.422
 13.28841    544.657  11.395
 13.29920    537.789  11.379
 13.30999    553.531  11.382
 13.32078    620.158  11.429
 13.33157    765.338  11.543
 13.34236    944.270  11.683
 13.35315    987.880  11.710
 13.36394    877.253  11.607
 13.37473    715.406  11.460
 13.38552    616.581  11.365
 13.39631    563.085  11.309
 13.40710    553.623  11.291
 13.41789    581.795  11.305
 13.42868    602.744  11.312
 13.43947    601.792  11.301
 13.45026    632.216  11.317
 13.46106    684.672  11.352
 13.47185    740.711  11.389
 13.48264    797.487  11.427
 13.49343    878.912  11.486
 13.50422    990.353  11.569
 13.51501   1107.387  11.656
 13.52580   1226.001  11.743
 13.53659   1376.522  11.856
 13.54738   1575.313  12.006
 13.55817   1789.860  12.167
 13.56896   2040.063  12.353
 13.57975   2356.874  12.586
 13.59054   2783.229  12.897
 13.60133   3381.969  13.325
 13.61212   4244.232  13.921
 13.62291   5604.900  14.817
 13.63370   7964.567  16.259
 13.64449  12907.855  18.933
 13.65528  25062.063  24.291
 13.66607  60239.038  35.503
 13.67686 137611.891  52.287
 13.68765 251593.124  70.015
 13.69844 345991.037  81.818
 13.70923 359609.393  83.352
 13.72003 279389.682  73.606
 13.73082 161053.229  56.277
 13.74161  71102.741  38.189
 13.75240  26936.246  24.901
 13.76319  13340.163  19.026
 13.77398  10561.353  17.578
 13.78477  11222.314  17.919
 13.79556  13854.176  19.246
 13.80635  17495.130  20.945
 13.81714  21019.649  22.465
 13.82793  21966.148  22.847
 13.83872  20315.353  22.144
 13.84951  17903.336  21.081
 13.86030  15846.890  20.132
 13.87109  13865.765  19.173
 13.88188  11519.574  17.976
 13.89267   9062.205  16.633
 13.90346   6805.128  15.298
 13.91425   5398.628  14.400
 13.92504   4484.400  13.783
 13.93584   3854.182  13.338
 13.94662   3369.788  12.983
 13.95742   2999.615  12.704
 13.96820   2703.350  12.474
 13.97900   2442.314  12.267
 13.98979   2239.934  12.102
 14.00058   2035.940  11.933
 14.01137   1843.993  11.772
 14.02216   1691.737  11.641
 14.03295   1569.623  11.532
 14.04374   1467.133  11.439
 14.05453   1404.511  11.377
 14.06532   1373.199  11.341
 14.07611   1387.473  11.342
 14.08690   1478.442  11.406
 14.09769   1634.559  11.521
 14.10848   1733.598  11.589
 14.11927   1697.051  11.550
 14.13006   1511.131  11.390
 14.14085   1300.622  11.207
 14.15164   1144.574  11.068
 14.16243   1055.889  10.983
 14.17322   1022.158  10.944
 14.18401   1040.635  10.949
 14.19480   1099.996  10.988
 14.20560   1186.903  11.049
 14.21639   1243.267  11.085
 14.22718   1211.395  11.048
 14.23797   1116.365  10.959
 14.24876   1008.224  10.857
 14.25955    949.527  10.797
 14.27034    892.782  10.738
 14.28113    874.224  10.712
 14.29192    880.813  10.706
 14.30271    868.777  10.685
 14.31350    845.715  10.655
 14.32429    843.092  10.642
 14.33508    821.013  10.612
 14.34587    798.432  10.582
 14.35666    774.286  10.551
 14.36745    737.608  10.508
 14.37824    704.523  10.469
 14.38903    673.302  10.431
 14.39982    653.726  10.403
 14.41061    617.237  10.361
 14.42140    570.751  10.309
 14.43219    533.511  10.266
 14.44299    486.903  10.214
 14.45377    444.364  10.165
 14.46457    429.167  10.141
 14.47536    416.973  10.119
 14.48615    410.655  10.103
 14.49694    405.512  10.087
 14.50773    377.874  10.052
 14.51852    364.689  10.029
 14.52931    374.191  10.026
 14.54010    377.790  10.019
 14.55089    391.293  10.020
 14.56168    394.833  10.012
 14.57247    416.458  10.020
 14.58326    488.420  10.073
 14.59405    598.586  10.160
 14.60484    768.731  10.297
 14.61563   1117.532  10.583
 14.62642   1804.259  11.135
 14.63721   2624.981  11.761
 14.64800   3188.223  12.168
 14.65879   3217.775  12.179
 14.66958   2755.308  11.828
 14.68037   2078.890  11.299
 14.69116   1502.610  10.828
 14.70195   1185.845  10.555
 14.71274   1080.122  10.455
 14.72354    981.673  10.361
 14.73433    782.084  10.179
 14.74512    544.912   9.961
 14.75591    374.593   9.798
 14.76670    294.917   9.715
 14.77749    225.128   9.641
 14.78828    167.045   9.577
 14.79907    124.784   9.527
 14.80986     86.491   9.481
 14.82065     68.085   9.453
 14.83144     69.930   9.444
 14.84223     47.524   9.412
 14.85302     17.951   9.374
 14.86381     17.862   9.363
 14.87460     11.711   9.346
 14.88539     -5.210   9.320
 14.89618    -13.219   9.301
 14.90697     -5.471   9.298
 14.91776     -3.765   9.289
 14.92855     -5.397   9.276
 14.93934     -2.661   9.268
 14.95013    -11.678   9.249
 14.96092    -24.514   9.226
 14.97171    -13.902   9.225
 14.98251      1.219   9.229
 14.99330      1.636   9.218
 15.00409      7.388   9.213
 15.01488     -2.130   9.194
 15.02567    -18.239   9.168
 15.03646    -25.391   9.150
 15.04725    -21.157   9.144
 15.05804    -13.262   9.141
 15.06883    -10.599   9.132
 15.07962    -16.054   9.117
 15.09041     -8.286   9.113
 15.10120     24.218   9.134
 15.11199     59.047   9.156
 15.12278     85.821   9.170
 15.13357     74.785   9.150
 15.14436     31.049   9.098
 15.15515      8.094   9.066
 15.16594     13.730   9.061
 15.17673     -3.366   9.034
 15.18752     -8.591   9.019
 15.19831     10.038   9.026
 15.20910      2.747   9.009
 15.21989    -15.147   8.982
 15.23068      2.769   8.989
 15.24148     33.569   9.007
 15.25227     54.328   9.017
 15.26306     57.454   9.010
 15.27385     64.209   9.006
 15.28464     56.011   8.988
 15.29543     56.090   8.978
 15.30622     61.376   8.973
 15.31701     69.063   8.970
 15.32780     96.537   8.986
 15.33859    126.947   9.004
 15.34938    147.830   9.014
 15.36017    165.175   9.020
 15.37096    165.058   9.010
 15.38175    163.934   8.999
 15.39254    191.026   9.015
 15.40333    224.212   9.036
 15.41412    252.296   9.053
 15.42491    297.649   9.085
 15.43570    327.255   9.103
 15.44649    364.017   9.127
 15.45728    414.218   9.163
 15.46808    492.868   9.225
 15.47887    588.883   9.303
 15.48966    721.036   9.412
 15.50045    889.532   9.551
 15.51124   1057.995   9.688
 15.52203   1196.096   9.797
 15.53282   1280.472   9.860
 15.54361   1314.421   9.879
 15.55440   1314.239   9.870
 15.56519   1280.732   9.833
 15.57598   1209.413   9.763
 15.58677   1108.317   9.667
 15.59756   1008.956   9.573
 15.60835    942.618   9.506
 15.61914    868.817   9.432
 15.62993    822.884   9.383
 15.64072    805.410   9.358
 15.65151    787.183   9.333
 15.66230    766.736   9.306
 15.67309    762.650   9.294
 15.68388    790.205   9.310
 15.69467    817.863   9.325
 15.70546    812.110   9.312
 15.71625    800.843   9.293
 15.72705    802.191   9.285
 15.73784    815.619   9.289
 15.74863    815.592   9.280
 15.75942    802.613   9.260
 15.77021    764.445   9.218
 15.78100    730.393   9.179
 15.79179    696.434   9.140
 15.80258    644.936   9.085
 15.81337    606.080   9.042
 15.82416    576.016   9.006
 15.83495    524.490   8.951
 15.84574    487.453   8.909
 15.85653    437.254   8.854
 15.86732    396.578   8.809
 15.87811    376.937   8.782
 15.88890    385.820   8.782
 15.89969    369.996   8.760
 15.91048    336.469   8.720
 15.92127    299.320   8.678
 15.93206    270.012   8.642
 15.94285    252.285  86.176
 15.95364    257.099  86.142
 15.96443    250.092  85.998
 15.97522    226.396   8.570
 15.98602    217.754   8.554
 15.99681    252.971  85.792
 16.00760    345.174   8.658
 16.01839    497.463   8.791
 16.02918    704.207   8.972
 16.03997    839.860   9.086
 16.05076    821.467   9.062
 16.06155    638.598   8.890
 16.07234    388.922   8.654
 16.08313    234.565   8.502
 16.09392    154.450  84.182
 16.10471    102.476  83.611
 16.11550     82.989  83.352
 16.12629     68.351   8.314
 16.13708     55.477  82.943
 16.14787     46.508  82.785
 16.15866     39.060  82.642
 16.16945     34.601  82.529
 16.18024     46.297  82.572
 16.19103     46.742  82.507
 16.20182     28.669  82.263
 16.21261     21.221  82.123
 16.22340     26.707  82.108
 16.23420     44.680  82.215
 16.24499     45.191  82.153
 16.25577     36.583  82.003
 16.26657     36.413  81.936
 16.27736     23.564   8.175
 16.28815      4.310  81.493
 16.29894     -6.771  81.321
 16.30973    -17.615  81.151
 16.32052      3.407  81.292
 16.33131     30.520   8.149
 16.34210     31.604  81.441
 16.35289      7.911  81.148
 16.36368     11.585  81.122
 16.37447     58.251  81.514
 16.38526     81.689  81.680
 16.39605     73.372  81.540
 16.40684     62.486  81.375
 16.41763     30.925  81.010
 16.42842     20.301  80.848
 16.43921     23.561  80.821
 16.45000     -9.335  80.443
 16.46079    -24.422  80.238
 16.47158      1.038  80.430
 16.48237     31.014   8.067
 16.49317     19.026  80.493
 16.50396     16.084  80.409
 16.51475     41.467  80.601
 16.52554     79.198   8.091
 16.53633    113.579  81.189
 16.54712    183.577  81.806
 16.55791    300.078  82.857
 16.56870    389.164  83.639
 16.57949    407.393  83.756
 16.59028    384.769  83.494
 16.60107    357.695  83.190
 16.61186    320.868  82.794
 16.62265    248.189  82.058
 16.63344    181.997   8.138
 16.64423    151.026  81.034
 16.65502    130.544  80.789
 16.66581    110.076  80.544
 16.67660     89.116  80.295
 16.68739     85.471   8.021
 16.69818     85.270   8.016
 16.70897    118.447  80.436
 16.71976    191.498  81.088
 16.73055    277.622  81.858
 16.74134    375.578  82.731
 16.75214    429.836  83.190
 16.76293    386.687  82.745
 16.77372    262.577  81.538
 16.78451    138.679  80.317
 16.79530     64.678  79.562
 16.80609     28.250  79.167
 16.81688     14.816  78.995
 16.82767     34.092  79.140
 16.83846     57.735  79.328
 16.84925    101.151  79.705
 16.86004    164.915  80.275
 16.87083    194.890  80.520
 16.88162    162.771  80.175
 16.89241    108.610  79.618
 16.90320     44.364  78.961
 16.91399      7.356   7.856
 16.92478     -9.999  78.358
 16.93557    -23.260  78.192
 16.94636    -11.848  78.266
 16.95715     -2.459   7.832
 16.96794     -4.455  78.266
 16.97874    -22.651  78.053
 16.98953    -39.992  77.849
 17.00032    -48.753   7.773
 17.01111    -51.374  77.669
 17.02190    -51.485  77.634
 17.03269    -51.932  77.597
 17.04348    -33.666  77.741
 17.05427    -14.032  77.899
 17.06506    -24.346  77.767
 17.07585    -29.291  77.687
 17.08664    -18.837  77.757
 17.09743    -22.193  77.693
 17.10822    -33.453  77.553
 17.11901    -28.039  77.575
 17.12980    -24.508  77.579
 17.14059    -38.964  77.409
 17.15138    -41.956   7.735
 17.16217    -21.817  77.517
 17.17296    -17.717   7.753
 17.18375    -41.531  77.269
 17.19454    -48.744  77.171
 17.20533    -38.903  77.239
 17.21612    -28.470  77.313
 17.22691    -23.209  77.337
 17.23770    -15.003  77.389
 17.24849    -16.767  77.346
 17.25928    -37.398  77.120
 17.27008    -44.909  77.022
 17.28087    -23.137  77.207
 17.29166    -18.321  77.229
 17.30245    -29.166  77.099
 17.31324    -20.486  77.159
 17.32403      3.310  77.364
 17.33482     10.316  77.407
 17.34561      6.527  77.347
 17.35640     34.573  77.592
 17.36719     75.553   7.796
 17.37798    121.836  78.376
 17.38877    196.959  79.060
 17.39956    300.536  80.001
 17.41035    499.538  81.797
 17.42114    696.002  83.531
 17.43193    758.397  84.057
 17.44272    665.828  83.216
 17.45351    449.889  81.256
 17.46430    252.801   7.943
 17.47509    145.271   7.840
 17.48588     85.846  77.820
 17.49667     67.833  77.629
 17.50746     54.328  77.481
 17.51825     39.208  77.318
 17.52905     35.537  77.264
 17.53984     37.182  77.261
 17.55063     26.506  77.140
 17.56142     17.780  77.039
 17.57221     30.328  77.140
 17.58300     34.396  77.160
 17.59379     28.192  77.084
 17.60458     27.942  77.064
 17.61537     35.069  77.114
 17.62616     47.767  77.216
 17.63695     69.350  77.403
 17.64774     62.832  77.324
 17.65853     58.992  77.271
 17.66932     87.327  77.521
 17.68011    103.135  77.653
 17.69090    110.392  77.704
 17.70169    149.006  78.048
 17.71248    168.715  78.215
 17.72327    187.845  78.376
 17.73406    223.703   7.869
 17.74485    264.383  79.049
 17.75565    325.197  79.588
 17.76644    373.462  80.010
 17.77723    429.893  80.502
 17.78802    519.109  81.283
 17.79881    623.607  82.190
 17.80960    796.358  83.676
 17.82039   1030.267  85.652
 17.83118   1257.259   8.752
 17.84197   1434.331   8.895
 17.85276   1515.349   8.959
 17.86355   1591.386   9.017
 17.87434   1838.178   9.210
 17.88513   2347.593   9.597
 17.89592   3262.601  10.257
 17.90671   4667.250  11.195
 17.91750   6121.442  12.088
 17.92829   6870.549  12.521
 17.93908   6382.635  12.236
 17.94987   5012.472  11.402
 17.96066   3523.147  10.423
 17.97145   2435.969   9.646
 17.98224   1859.997   9.207
 17.99303   1578.038   8.984
 18.00382   1427.924   8.862
 18.01462   1304.536   8.760
 18.02541   1164.988   8.644
 18.03620   1002.657  85.075
 18.04699    832.833  83.626
 18.05778    678.820  82.290
 18.06857    570.452  81.333
 18.07936    509.661  80.785
 18.09015    468.202  80.406
 18.10094    421.176  79.976
 18.11173    401.637   7.979
 18.12252    398.978  79.751
 18.13331    383.180  79.597
 18.14410    398.699  79.721
 18.15489    430.195  79.986
 18.16568    465.775  80.286
 18.17647    517.364  80.725
 18.18726    591.894  81.360
 18.19805    716.468  82.419
 18.20884    939.347  84.289
 18.21963   1314.243   8.735
 18.23042   2014.783   9.281
 18.24122   3133.245  10.092
 18.25201   4520.463  11.014
 18.26279   5352.974  11.530
 18.27359   4951.465  11.280
 18.28438   3599.674  10.402
 18.29517   2191.964   9.402
 18.30596   1350.005   8.750
 18.31675    866.658  83.524
 18.32754    605.319  81.288
 18.33833    455.361  79.973
 18.34912    349.079  79.024
 18.35991    274.797  78.351
 18.37070    220.484  77.852
 18.38149    170.543  77.389
 18.39228    123.788  76.954
 18.40307     86.366   7.660
 18.41386     62.027  76.367
 18.42465     59.529  76.331
 18.43544     59.294  76.317
 18.44623     42.132  76.147
 18.45702     27.935  76.005
 18.46781     25.944  75.974
 18.47860     33.675  76.032
 18.48939     24.813  75.938
 18.50018     -2.877  75.672
 18.51097     -2.177  75.666
 18.52176     13.200  75.793
 18.53256     21.139   7.585
 18.54335     46.927  76.074
 18.55414     93.061  76.479
 18.56493    196.209  77.391
 18.57572    328.772   7.855
 18.58651    429.911  79.419
 18.59730    473.472  79.781
 18.60809    438.206  79.461
 18.61888    364.882  78.807
 18.62967    264.628  77.912
 18.64046    173.513   7.709
 18.65125    115.779   7.656
 18.66204    105.510  76.451
 18.67283    119.502  76.563
 18.68362    120.281  76.555
 18.69441    136.295  76.683
 18.70520    190.321  77.150
 18.71599    248.580  77.650
 18.72678    371.723  78.712
 18.73757    577.675  80.465
 18.74836    723.812  81.680
 18.75915    725.128  81.673
 18.76994    535.157  80.053
 18.78073    339.114  78.347
 18.79153    227.856  77.357
 18.80232    182.928  76.944
 18.81311    160.264  76.727
 18.82390    151.210  76.631
 18.83469    169.242  76.775
 18.84548    179.611  76.850
 18.85627    214.645  77.143
 18.86706    298.829   7.786
 18.87785    440.877  79.074
 18.88864    598.742  80.398
 18.89943    700.650   8.123
 18.91022    694.309  81.162
 18.92101    590.844  80.276
 18.93180    467.953  79.215
 18.94259    438.462  78.945
 18.95338    480.563  79.286
 18.96417    573.097  80.051
 18.97496    786.378  81.810
 18.98575   1164.784  84.851
 18.99654   1662.273   8.869
 19.00733   2042.730   9.151
 19.01813   2102.571   9.193
 19.02892   1815.912   8.978
 19.03971   1357.866   8.626
 19.05050    953.780   8.303
 19.06129    733.463  81.212
 19.07208    605.577   8.013
 19.08287    544.172  79.593
 19.09366    553.506   7.965
 19.10445    621.733   8.020
 19.11524    744.983   8.120
 19.12603    861.467  82.137
 19.13682    893.783  82.378
 19.14761    787.569  81.490
 19.15840    629.000  80.159
 19.16919    499.624   7.905
 19.17998    434.151  78.478
 19.19077    413.102  78.278
 19.20156    385.355  78.021
 19.21235    386.213  78.007
 19.22314    423.668  78.305
 19.23393    472.592  78.698
 19.24472    505.321  78.952
 19.25551    531.388  79.149
 19.26630    580.681  79.540
 19.27710    646.494  80.064
 19.28789    738.805  80.802
 19.29868    854.858  81.726
 19.30946   1028.726  83.099
 19.32026   1251.132   8.483
 19.33105   1559.538   8.717
 19.34184   2063.207   9.089
 19.35263   2858.283   9.646
 19.36342   4301.194  10.585
 19.37421   7777.273  12.563
 19.38500  19130.331  17.532
 19.39579  50519.234  26.846
 19.40658 116332.239  39.833
 19.41737 194244.208  51.097
 19.42816 232972.335  55.844
 19.43895 197262.425  51.453
 19.44974 117970.045  40.055
 19.46053  53288.158  27.467
 19.47132  20061.375  17.836
 19.48211   8273.866  12.782
 19.49290   4402.875  10.610
 19.50370   3076.332   9.754
 19.51448   2644.878   9.457
 19.52527   2747.828   9.525
 19.53607   3246.136   9.858
 19.54686   4022.160  10.356
 19.55765   4515.885  10.660
 19.56844   4201.545  10.463
 19.57923   3275.218   9.865
 19.59002   2278.300   9.180
 19.60081   1533.890   8.632
 19.61160   1143.327  83.299
 19.62239    930.893  81.596
 19.63318    784.774  80.397
 19.64397    695.625  79.648
 19.65476    618.931  78.994
 19.66555    562.627  78.504
 19.67634    533.649  78.239
 19.68713    500.795  77.941
 19.69792    462.480  77.596
 19.70871    418.866  77.206
 19.71950    383.728  76.885
 19.73029    359.354  76.654
 19.74108    333.838  76.414
 19.75187    319.598  76.268
 19.76266    302.478  76.097
 19.77345    268.006  75.779
 19.78424    235.960  75.480
 19.79504    192.451  75.082
 19.80583    164.296   7.481
 19.81662    150.824  74.673
 19.82741    144.569  74.594
 19.83820    140.170  74.530
 19.84899    122.862  74.356
 19.85978    109.783  74.217
 19.87057     90.766  74.027
 19.88136     58.897  73.725
 19.89215     72.612  73.818
 19.90294    109.123  74.109
 19.91373    109.987   7.409
 19.92452     76.561  73.776
 19.93531     66.442  73.662
 19.94610     93.755  73.873
 19.95689     90.809  73.822
 19.96768     69.794  73.614
 19.97847     72.287  73.610
 19.98926     92.980  73.763
 20.00005    103.830   7.383
 20.01084     88.924  73.677
 20.02163     73.219  73.515
 20.03242     78.605  73.536
 20.04322     98.564  73.682
 20.05401     94.533  73.621
 20.06480     62.600  73.319
 20.07559     38.386  73.084
 20.08638     19.767  72.896
 20.09717      3.354  72.727
 20.10796      4.637  72.713
 20.11875     24.432  72.859
 20.12954     27.131  72.857
 20.14033     20.779  72.776
 20.15112      9.661  72.654
 20.16191    -12.408  72.436
 20.17270    -20.703  72.338
 20.18349    -23.553  72.288
 20.19428    -28.211  72.221
 20.20507    -19.127  72.275
 20.21586    -16.495   7.227
 20.22665    -29.934   7.213
 20.23744    -34.527  72.064
 20.24823    -50.880  71.896
 20.25902    -57.793  71.810
 20.26981    -58.530  71.778
 20.28061    -54.196   7.179
 20.29140    -44.493  71.851
 20.30219    -59.197  71.697
 20.31298    -63.294  71.636
 20.32377    -45.417  71.767
 20.33456    -25.867  71.912
 20.34535    -33.450  71.821
 20.35614    -31.976  71.809
 20.36693    -17.072  71.914
 20.37772    -11.759  71.935
 20.38851     -7.588  71.947
 20.39930     15.585  72.122
 20.41009     42.339  72.329
 20.42088     44.910  72.326
 20.43167     45.293  72.305
 20.44246     53.312  72.349
 20.45325     63.277  72.410
 20.46404     81.842  72.545
 20.47483    103.713  72.707
 20.48562    111.596  72.750
 20.49641    121.359  72.809
 20.50720    133.962  72.892
 20.51799    139.836  72.918
 20.52878    166.573  73.120
 20.53958    181.421  73.222
 20.55036    215.893  73.489
 20.56115    290.991  74.094
 20.57194    410.600   7.506
 20.58274    555.483  76.220
 20.59353    669.777  77.115
 20.60432    734.719  77.609
 20.61511    670.185  77.069
 20.62590    541.928  76.012
 20.63669    433.871  75.108
 20.64748    381.696  74.655
 20.65827    388.044  74.684
 20.66906    404.114  74.793
 20.67985    417.652  74.881
 20.69064    429.736  74.956
 20.70143    474.407  75.298
 20.71222    520.821  75.652
 20.72301    574.899  76.066
 20.73380    658.956  76.717
 20.74459    750.688  77.423
 20.75538    837.039  78.079
 20.76617    929.825  78.780
 20.77696   1062.904  79.782
 20.78775   1238.822  81.095
 20.79855   1399.243  82.270
 20.80934   1542.876  83.305
 20.82013   1758.412  84.844
 20.83092   1959.773  86.255
 20.84171   2092.432   8.716
 20.85250   2180.561   8.775
 20.86329   2242.469   8.815
 20.87408   2362.860   8.896
 20.88487   2584.820   9.043
 20.89566   3018.801   9.328
 20.90645   3859.140   9.857
 20.91724   5416.377  10.771
 20.92803   7544.465  11.906
 20.93882   9399.117  12.812
 20.94961  10053.983  13.115
 20.96040   8855.659  12.546
 20.97119   6836.914  11.527
 20.98198   5272.008  10.671
 20.99277   4266.499  10.083
 21.00356   3769.138   9.777
 21.01435   3533.797   9.628
 21.02514   3472.915   9.588
 21.03593   3635.971   9.687
 21.04672   4048.229   9.938
 21.05752   4585.341  10.256
 21.06831   5105.900  10.554
 21.07910   5477.597  10.761
 21.08989   5888.330  10.985
 21.10068   6931.399  11.539
 21.11147   9142.086  12.635
 21.12226  12157.686  13.991
 21.13305  14591.939  14.995
 21.14384  13996.910  14.751
 21.15463  10867.189  13.415
 21.16542   7785.746  11.957
 21.17621   5582.284  10.794
 21.18700   4250.667  10.026
 21.19779   3465.955   9.544
 21.20858   2959.912   9.219
 21.21937   2606.654   8.985
 21.23016   2304.601   8.780
 21.24095   2054.603  86.062
 21.25174   1862.746  84.702
 21.26253   1681.468  83.397
 21.27332   1494.072  82.029
 21.28411   1306.334  80.636
 21.29490   1149.626  79.454
 21.30570   1018.255  78.447
 21.31649    902.165  77.546
 21.32728    803.817  76.773
 21.33807    722.890  76.128
 21.34886    637.741  75.446
 21.35965    572.799  74.919
 21.37044    529.028  74.557
 21.38123    486.058  74.201
 21.39202    440.739   7.382
 21.40281    392.700  73.424
 21.41360    346.844   7.304
 21.42439    309.961  72.728
 21.43518    290.820  72.559
 21.44597    264.081  72.328
 21.45676    242.301  72.138
 21.46755    217.373  71.921
 21.47834    178.065  71.586
 21.48913    158.602  71.414
 21.49992    136.606   7.122
 21.51071    110.718   7.100
 21.52150    108.334  70.964
 21.53229    103.472  70.913
 21.54309     92.255  70.809
 21.55388     96.158  70.831
 21.56467    103.961  70.885
 21.57546    110.623  70.929
 21.58625    102.902   7.086
 21.59704    130.586  71.074
 21.60783    237.100  71.936
 21.61862    380.764  73.085
 21.62941    501.103  74.031
 21.64020    526.178   7.422
 21.65099    449.826  73.603
 21.66178    309.290  72.469
 21.67257    191.853  71.508
 21.68336    142.640  71.096
 21.69415    171.545  71.323
 21.70494    252.631  71.973
 21.71573    347.422  72.727
 21.72652    417.978  73.280
 21.73731    418.580  73.275
 21.74810    301.415  72.330
 21.75889    168.626   7.125
 21.76968    117.950  70.824
 21.78047     71.503   7.043
 21.79126     29.394  70.079
 21.80205     -1.645  69.814
 21.81284     -4.827   6.978
 21.82363     -0.713   6.981
 21.83442     -5.225  69.763
 21.84522    -17.243  69.657
 21.85601    -17.847  69.645
 21.86680     -0.101  69.785
 21.87759     20.917   6.995
 21.88838     18.553  69.926
 21.89917      4.869  69.807
 21.90996     21.719  69.939
 21.92075     28.189  69.986
 21.93154     41.498  70.090
 21.94233     60.359  70.238
 21.95312     28.340  69.969
 21.96391      5.703  69.777
 21.97470     21.736  69.903
 21.98549     34.272  70.000
 21.99628     29.988   6.996
 22.00707      0.723  69.713
 22.01786     23.824  69.897
 22.02865     68.476  70.257
 22.03944    104.423  70.544
 22.05023    131.630   7.076
 22.06103    110.180  70.579
 22.07182    103.186  70.517
 22.08261    130.716  70.734
 22.09340    153.193  70.910
 22.10419    166.313  71.010
 22.11498    175.360  71.077
 22.12577    210.477  71.352
 22.13656    237.978  71.566
 22.14735    237.327  71.555
 22.15814    268.917  71.800
 22.16893    297.930  72.024
 22.17972    326.793  72.246
 22.19051    344.720  72.381
 22.20130    346.859  72.392
 22.21209    382.768  72.667
 22.22288    432.993  73.052
 22.23367    484.793  73.447
 22.24446    528.582  73.778
 22.25525    567.203   7.407
 22.26604    613.493  74.414
 22.27683    656.277  74.732
 22.28762    713.110  75.154
 22.29841    764.741  75.534
 22.30920    801.023  75.798
 22.32000    832.081  76.022
 22.33079    837.379  76.054
 22.34158    834.150  76.022
 22.35236    844.168  76.089
 22.36316    834.026  76.006
 22.37395    812.297  75.837
 22.38474    790.068  75.665
 22.39553    747.981  75.343
 22.40632    714.852  75.088
 22.41711    685.307  74.860
 22.42790    652.723  74.607
 22.43869    630.559  74.433
 22.44948    614.489  74.305
 22.46027    576.966  74.014
 22.47106    559.459  73.874
 22.48185    597.121   7.415
 22.49264    612.527  74.262
 22.50343    663.435  74.637
 22.51422    753.225   7.530
 22.52501    787.270  75.545
 22.53580    771.484  75.420
 22.54659    694.593  74.840
 22.55738    603.107  74.147
 22.56817    553.142  73.762
 22.57896    513.474  73.454
 22.58976    505.328  73.385
 22.60055    524.060  73.520
 22.61134    551.040  73.716
 22.62213    540.339   7.363
 22.63292    531.894  73.556
 22.64371    594.702  74.021
 22.65450    672.661  74.596
 22.66529    725.612  74.981
 22.67608    792.739  75.468
 22.68687    890.930  76.177
 22.69766   1042.945  77.266
 22.70845   1262.249  78.814
 22.71924   1566.063  80.910
 22.73003   2075.918  84.315
 22.74082   2860.600   8.930
 22.75161   4139.441   9.689
 22.76240   6879.497  11.141
 22.77319  14957.851  14.605
 22.78398  38782.736  21.824
 22.79477  89996.756  32.269
 22.80557 162834.393  42.943
 22.81636 216825.415  49.380
 22.82715 212281.658  48.858
 22.83793 148928.819  41.087
 22.84873  77612.240  30.038
 22.85952  31672.184  19.910
 22.87031  12713.930  13.703
 22.88110   6027.804  10.686
 22.89189   3614.368   9.362
 22.90268   2551.402   8.714
 22.91347   2010.463  83.653
 22.92426   1671.545  81.387
 22.93505   1484.295  80.102
 22.94584   1380.997   7.938
 22.95663   1334.171  79.041
 22.96742   1361.463  79.216
 22.97821   1457.339  79.862
 22.98900   1659.248  81.218
 22.99979   2041.012  83.732
 23.01058   2661.690   8.767
 23.02137   3361.507   9.191
 23.03216   3783.427   9.436
 23.04295   3631.131   9.346
 23.05374   2998.821   8.967
 23.06453   2323.107  85.452
 23.07532   1925.155   8.286
 23.08611   1691.040  81.292
 23.09690   1602.355  80.681
 23.10770   1596.391  80.624
 23.11849   1659.311  81.031
 23.12928   1743.303  81.575
 23.14007   1879.582   8.246
 23.15086   2049.232  83.551
 23.16165   2268.506  84.944
 23.17244   2593.665   8.697
 23.18323   3023.482   8.959
 23.19402   3665.059   9.337
 23.20481   4764.036   9.951
 23.21560   6625.570  10.914
 23.22639   8931.123  11.999
 23.23718  11077.551  12.926
 23.24797  12048.497  13.322
 23.25876  11008.165  12.891
 23.26955   8423.237  11.756
 23.28034   5853.396  10.509
 23.29113   4054.072   9.539
 23.30192   3064.978   8.961
 23.31271   2438.062  85.739
 23.32351   2030.207  83.119
 23.33430   1739.418  81.195
 23.34509   1480.212  79.440
 23.35588   1266.214  77.960
 23.36667   1116.136  76.899
 23.37746   1010.240  76.136
 23.38825    882.079  75.208
 23.39904    753.416  74.265
 23.40983    642.846  73.443
 23.42062    566.022  72.861
 23.43141    504.065   7.238
 23.44220    433.275  71.839
 23.45299    362.769  71.292
 23.46378    309.581  70.872
 23.47457    280.407  70.631
 23.48536    225.571  70.194
 23.49615    159.165  69.667
 23.50694    100.066  69.192
 23.51773     74.128   6.897
 23.52852     66.468  68.890
 23.53931     32.665  68.606
 23.55010     20.704  68.491
 23.56089     21.695  68.477
 23.57168     -7.297  68.229
 23.58248    -34.385  67.995
 23.59327    -33.963   6.798
 23.60405    -32.025  67.968
 23.61484    -32.188  67.943
 23.62564    -30.379  67.933
 23.63643    -30.850  67.906
 23.64722    -44.730  67.773
 23.65801    -39.430  67.790
 23.66880    -22.625  67.897
 23.67959    -24.839  67.855
 23.69038      5.671  68.067
 23.70117     52.924  68.407
 23.71196     86.562  68.641
 23.72275    114.603  68.830
 23.73354    156.583  69.125
 23.74433    246.215  69.779
 23.75512    342.650  70.476
 23.76591    510.955  71.696
 23.77670    842.908  74.066
 23.78749   1433.325  78.121
 23.79828   2957.587   8.776
 23.80907   7452.790  11.145
 23.81986  17810.382  15.263
 23.83065  35707.184  20.512
 23.84144  55230.369  25.008
 23.85224  65561.245  27.082
 23.86303  57652.202  25.498
 23.87382  37350.930  20.906
 23.88461  18568.019  15.494
 23.89540   8468.239  11.585
 23.90619   4535.986   9.642
 23.91698   2872.917   8.690
 23.92777   1907.575  80.853
 23.93856   1313.210  76.884
 23.94935    887.450  73.903
 23.96014    604.417  71.844
 23.97093    409.478  70.382
 23.98172    259.716  69.231
 23.99251    168.884  68.512
 24.00330    101.567  67.965
 24.01409     52.633  67.557
 24.02488     11.059  67.203
 24.03567    -16.631   6.695
 24.04646    -29.435  66.822
 24.05725    -38.757  66.716
 24.06805    -25.836  66.783
 24.07884    -35.937   6.667
 24.08962    -58.408  66.461
 24.10041    -64.098  66.382
 24.11121    -47.159  66.479
 24.12200    -23.257  66.630
 24.13279    -30.465  66.539
 24.14358    -23.892  66.555
 24.15437     20.162   6.686
 24.16516     93.510   6.739
 24.17595    165.859  67.906
 24.18674    267.249  68.637
 24.19753    439.626  69.886
 24.20832    656.425  71.432
 24.21911    877.761  72.976
 24.22990    977.241  73.639
 24.24069    909.251  73.124
 24.25148    731.983  71.828
 24.26227    541.843  70.414
 24.27306    384.331  69.216
 24.28385    276.524  68.373
 24.29464    245.627  68.102
 24.30543    284.142  68.354
 24.31622    343.747  68.762
 24.32701    398.407  69.130
 24.33780    459.227   6.954
 24.34859    485.800  69.698
 24.35938    447.193  69.374
 24.37018    398.570  68.975
 24.38097    381.054  68.806
 24.39176    387.924  68.817
 24.40255    429.561  69.087
 24.41334    557.349   6.999
 24.42413    845.353  72.018
 24.43492   1304.203  75.161
 24.44571   1793.687  78.375
 24.45650   1937.262  79.264
 24.46729   1733.831  77.904
 24.47808   1345.617   7.528
 24.48887    963.390  72.609
 24.49966    684.894  70.589
 24.51045    483.117  69.078
 24.52124    334.596  67.934
 24.53203    230.398  67.109
 24.54282    172.756  66.629
 24.55361    146.647  66.388
 24.56440    101.448  66.000
 24.57519     73.528  65.743
 24.58599     58.366  65.584
 24.59678     37.894  65.383
 24.60757     62.888  65.534
 24.61836     79.261  65.618
 24.62915     60.634   6.543
 24.63994     54.404  65.341
 24.65073     62.269  65.359
 24.66152     84.359  65.487
 24.67231    103.822  65.594
 24.68310    115.154  65.638
 24.69389    139.832  65.785
 24.70468    152.598  65.839
 24.71547    149.604  65.773
 24.72626    181.847  65.977
 24.73705    209.929  66.148
 24.74784    239.892  66.332
 24.75863    285.490  66.634
 24.76942    315.454  66.817
 24.78021    376.862  67.234
 24.79100    456.254  67.781
 24.80179    529.311  68.277
 24.81258    621.384  68.908
 24.82337    726.093  69.623
 24.83416    842.580  70.414
 24.84495    965.580   7.124
 24.85574   1115.062   7.224
 24.86653   1276.591  73.310
 24.87732   1490.877  74.715
 24.88812   1763.401   7.648
 24.89891   2102.692  78.620
 24.90970   2589.980   8.162
 24.92049   3396.426   8.637
 24.93128   4662.315   9.335
 24.94207   6585.300  10.308
 24.95286   8313.189  11.108
 24.96365   8843.259  11.339
 24.97444   8121.131  11.013
 24.98523   6349.016  10.176
 24.99602   4584.051   9.268
 25.00681   3456.955   8.638
 25.01760   2892.585  83.026
 25.02839   2612.582  81.291
 25.03918   2532.369  80.758
 25.04997   2645.557  81.409
 25.06076   3004.346  83.525
 25.07155   3743.515   8.776
 25.08234   4911.065   9.408
 25.09313   6089.364  10.006
 25.10392   6440.749  10.174
 25.11472   5561.924   9.733
 25.12551   4222.624   9.022
 25.13630   3004.477  83.236
 25.14709   2259.358  78.646
 25.15788   1834.481  75.889
 25.16867   1578.338  74.162
 25.17946   1437.833  73.180
 25.19025   1385.705  72.786
 25.20104   1349.978  72.503
 25.21183   1278.193  71.972
 25.22262   1171.572  71.197
 25.23341   1036.231  70.214
 25.24420    895.280  69.178
 25.25499    832.914  68.692
 25.26578    805.663  68.456
 25.27657    773.107  68.181
 25.28736    771.678  68.130
 25.29815    841.204  68.588
 25.30894   1021.076  69.823
 25.31973   1377.061   7.224
 25.33052   1814.017  75.106
 25.34131   2137.323  77.147
 25.35210   2190.993  77.447
 25.36289   1859.171  75.282
 25.37369   1321.283  71.662
 25.38448    908.325  68.747
 25.39527    666.594  66.967
 25.40606    510.810  65.781
 25.41685    427.418  65.120
 25.42764    347.579  64.479
 25.43843    279.683  63.924
 25.44922    266.875  63.787
 25.46001    252.953  63.642
 25.47080    226.040  63.397
 25.48159    203.963   6.319
 25.49238    155.454  62.775
 25.50317    126.684  62.514
 25.51396    143.274  62.604
 25.52475    138.269  62.527
 25.53554    160.715  62.664
 25.54633    206.125  62.977
 25.55712    256.818  63.329
 25.56791    297.344  63.602
 25.57870    287.990  63.493
 25.58949    227.200  62.991
 25.60028    166.132  62.483
 25.61107    140.112  62.245
 25.62186    138.376  62.195
 25.63266    187.383  62.539
 25.64345    300.638  63.373
 25.65424    415.124  64.204
 25.66503    531.633  65.039
 25.67582    582.381  65.380
 25.68661    537.815  65.015
 25.69740    418.134  64.087
 25.70819    266.192  62.900
 25.71898    151.336  61.980
 25.72977     72.331  61.329
 25.74056     54.794  61.157
 25.75135     55.551  61.130
 25.76214     22.654  60.837
 25.77293      1.218  60.634
 25.78372      8.322  60.658
 25.79451     27.154  60.774
 25.80530     60.892  61.007
 25.81609     62.545  60.988
 25.82688     82.895  61.116
 25.83767    145.877  61.576
 25.84847    223.284  62.143
 25.85926    250.229   6.232
 25.87005    218.877   6.205
 25.88084    194.580  61.829
 25.89163    142.084  61.391
 25.90242    111.542  61.123
 25.91321    100.680   6.101
 25.92400    108.689  61.041
 25.93479    122.222  61.117
 25.94558    164.568  61.417
 25.95637    193.454   6.161
 25.96716    201.162  61.643
 25.97795    230.833  61.843
 25.98874    287.536  62.249
 25.99953    360.584  62.777
 26.01032    433.054  63.295
 26.02111    580.697  64.367
 26.03190    797.470  65.920
 26.04269   1190.458  68.664
 26.05348   1839.081  72.982
 26.06427   2593.570  77.703
 26.07506   3089.402  80.644
 26.08585   2930.516  79.677
 26.09664   2312.829  75.889
 26.10743   1536.319  70.852
 26.11822    992.347  67.095
 26.12901    697.725  64.960
 26.13980    569.312  63.993
 26.15060    521.709  63.616
 26.16139    496.768  63.406
 26.17218    502.725  63.426
 26.18297    476.858   6.321
 26.19376    396.702  62.584
 26.20455    305.825  61.872
 26.21534    220.188  61.193
 26.22613    169.230  60.776
 26.23692    120.284  60.373
 26.24771     85.598  60.080
 26.25850     82.770  60.035
 26.26929     68.312  59.900
 26.28008     33.615  59.605
 26.29087     36.303  59.605
 26.30166     37.465  59.593
 26.31245     24.282  59.468
 26.32324     42.349  59.589
 26.33403     43.099  59.574
 26.34482      7.757  59.275
 26.35561     -0.614   5.919
 26.36640     -0.932  59.166
 26.37720     -6.296  59.104
 26.38799      7.409  59.192
 26.39878     65.786  59.632
 26.40957    130.672  60.119
 26.42036    214.058  60.744
 26.43115    280.261  61.231
 26.44194    250.623  60.986
 26.45273    207.417  60.636
 26.46352    167.716  60.312
 26.47431     77.059  59.589
 26.48510      8.286  59.031
 26.49589     -2.168  58.931
 26.50668    -45.877  58.568
 26.51747   -110.338  58.036
 26.52826   -124.838  57.903
 26.53905   -109.625  58.008
 26.54984   -103.860  58.038
 26.56063   -109.263  57.978
 26.57142   -114.460  57.920
 26.58221   -116.168  57.890
 26.59300   -116.265  57.874
 26.60379   -133.102  57.723
 26.61458   -150.421  57.568
 26.62537   -164.638  57.438
 26.63617   -158.541  57.472
 26.64695   -145.916  57.558
 26.65774   -146.289  57.540
 26.66854   -159.538  57.419
 26.67933   -155.224  57.439
 26.69012   -125.943  57.659
 26.70091    -97.441  57.872
 26.71170    -69.629  58.078
 26.72249    -24.430  58.421
 26.73328     49.526  58.987
 26.74407    161.636  59.841
 26.75486    261.241  60.588
 26.76565    259.893  60.563
 26.77644    177.837   5.992
 26.78723     72.822  59.098
 26.79802     25.974  58.718
 26.80881      4.132  58.534
 26.81960     -5.700  58.443
 26.83039     32.315  58.727
 26.84118     99.036  59.232
 26.85197    135.346   5.950
 26.86276    168.270  59.738
 26.87355    217.368  60.099
 26.88434    214.757  60.066
 26.89514    178.322  59.774
 26.90593    112.410  59.255
 26.91672     38.039  58.665
 26.92751     17.350  58.491
 26.93830      4.832  58.380
 26.94909     -2.761  58.308
 26.95988     41.297  58.639
 26.97067    108.667  59.148
 26.98146    122.059  59.238
 26.99225    104.741  59.092
 27.00304     43.676  58.606
 27.01383     18.687   5.840
 27.02462     11.652  58.332
 27.03541     -0.194  58.227
 27.04620     11.041  58.302
 27.05699      1.039  58.212
 27.06778     16.864  58.322
 27.07857     47.240   5.855
 27.08936     42.401  58.495
 27.10015     38.708  58.454
 27.11095     30.891  58.381
 27.12174     45.997  58.486
 27.13252     39.072  58.419
 27.14331     18.657  58.248
 27.15411     12.223  58.186
 27.16490     12.064  58.172
 27.17569      9.963   5.814
 27.18648     -4.384  58.019
 27.19727    -15.354  57.921
 27.20806    -22.999  57.849
 27.21885    -51.632  57.612
 27.22964    -54.273   5.758
 27.24043    -42.126  57.661
 27.25122    -33.808  57.713
 27.26201      7.451  58.022
 27.27280     -0.363  57.948
 27.28359    -15.123  57.820
 27.29438    -12.594  57.827
 27.30517     -4.839  57.874
 27.31596      1.909  57.914
 27.32675     -5.733  57.841
 27.33754     -8.023   5.781
 27.34833      7.489  57.917
 27.35912     31.740  58.091
 27.36991     38.016  58.126
 27.38070     61.460  58.293
 27.39149    103.566   5.860
 27.40228    115.877  58.682
 27.41308    103.687  58.575
 27.42387    119.432  58.681
 27.43466    151.733  58.913
 27.44545    156.733  58.936
 27.45624    163.461  58.973
 27.46703    198.520  59.223
 27.47782    256.718  59.646
 27.48861    313.776  60.056
 27.49940    370.672  60.462
 27.51019    440.083  60.956
 27.52098    528.408   6.158
 27.53177    623.119  62.248
 27.54256    772.958  63.294
 27.55335   1127.776   6.572
 27.56414   2108.382  72.032
 27.57493   5023.191   8.817
 27.58572  11055.060  11.457
 27.59651  19436.201  14.337
 27.60730  25965.686  16.229
 27.61809  25866.882  16.198
 27.62888  18772.472  14.120
 27.63968  10187.977  11.102
 27.65047   4561.227  85.669
 27.66126   2013.189  71.281
 27.67205   1057.802  65.064
 27.68284    696.627  62.544
 27.69363    546.588  61.458
 27.70442    459.195  60.810
 27.71521    427.428  60.563
 27.72600    451.845  60.724
 27.73679    484.725  60.945
 27.74758    524.532  61.216
 27.75837    619.967  61.882
 27.76916    707.274  62.483
 27.77995    739.163  62.690
 27.79074    753.733  62.775
 27.80153    753.643  62.757
 27.81232    809.243  63.127
 27.82311    944.186  64.042
 27.83390   1198.965  65.749
 27.84469   1439.433  67.317
 27.85548   1530.881  67.892
 27.86627   1373.023  66.846
 27.87706   1105.465  65.048
 27.88785    915.766  63.738
 27.89864    865.180  63.371
 27.90943    973.604  64.098
 27.92022   1067.445  64.717
 27.93102   1102.106  64.932
 27.94181   1019.365  64.354
 27.95260    804.389  62.858
 27.96339    657.979  61.814
 27.97418    548.860  61.020
 27.98497    443.563  60.243
 27.99576    370.161  59.691
 28.00655    298.170  59.145
 28.01734    235.622  58.664
 28.02813    211.266  58.465
 28.03892    223.502  58.538
 28.04971    210.734  58.425
 28.06050    183.074   5.820
 28.07129    186.432  58.208
 28.08208    178.350  58.130
 28.09287    150.179  57.901
 28.10366    154.185  57.913
 28.11445    130.633  57.718
 28.12524     98.513  57.458
 28.13603    109.779  57.526
 28.14682    101.425  57.445
 28.15762     92.153  57.357
 28.16841     98.735  57.389
 28.17919    125.587  57.574
 28.18999    107.979   5.742
 28.20078     80.776  57.201
 28.21157     60.553  57.030
 28.22236     69.082  57.078
 28.23315     68.805  57.058
 28.24394     38.584  56.812
 28.25473     25.021  56.691
 28.26552     40.777  56.794
 28.27631     57.973  56.908
 28.28710     69.588   5.698
 28.29789     67.596  56.947
 28.30868     53.976   5.683
 28.31947     35.356  56.669
 28.33026     51.673  56.777
 28.34105     57.312  56.803
 28.35184     45.760  56.699
 28.36263     54.647  56.751
 28.37343     50.878  56.706
 28.38421     49.006   5.668
 28.39500     97.218  57.024
 28.40579    133.276  57.279
 28.41659     93.326  56.964
 28.42738     85.634  56.891
 28.43817     90.843  56.915
 28.44896     36.092  56.487
 28.45975     -2.776   5.618
 28.47054     21.270  56.346
 28.48133     22.834  56.344
 28.49212     -1.902  56.142
 28.50291     -3.985   5.611
 28.51370      0.021  56.130
 28.52449    -24.491  55.930
 28.53528    -28.176  55.889
 28.54607     -5.866  56.046
 28.55686    -19.233  55.932
 28.56765    -29.194  55.844
 28.57844    -32.793  55.805
 28.58923    -16.295  55.919
 28.60002     15.159  56.146
 28.61081      9.660   5.609
 28.62160     20.723  56.167
 28.63239     30.615   5.623
 28.64318     56.060  56.413
 28.65397     89.082   5.665
 28.66476     94.014  56.678
 28.67556     92.493  56.657
 28.68635     77.356  56.535
 28.69714     53.132  56.344
 28.70793     31.978  56.177
 28.71872     25.633  56.121
 28.72951     29.633  56.144
 28.74030     43.939  56.245
 28.75109     79.264  56.503
 28.76188     89.179   5.657
 28.77267     89.633  56.568
 28.78346     98.795  56.630
 28.79425    131.337  56.867
 28.80504    171.080  57.156
 28.81583    189.973  57.290
 28.82662    152.953  57.013
 28.83741    116.981  56.743
 28.84820     75.065   5.643
 28.85899     54.427  56.271
 28.86978     51.855  56.249
 28.88057     72.227  56.399
 28.89136     98.639  56.594
 28.90216     90.406  56.532
 28.91295     88.905  56.521
 28.92374     93.140  56.552
 28.93453     97.941  56.588
 28.94532     62.520  56.326
 28.95611     33.864  56.113
 28.96690     42.469  56.179
 28.97769     41.591  56.175
 28.98848     26.272  56.064
 28.99927     11.408  55.957
 29.01006     21.004  56.032
 29.02085     29.998  56.104
 29.03164      5.834  55.929
 29.04243     -9.798  55.817
 29.05322     20.237  56.048
 29.06401     27.708  56.110
 29.07480      1.576  55.922
 29.08559     10.520   5.600
 29.09638     44.747  56.259
 29.10717     53.625  56.333
 29.11796     76.527  56.511
 29.12875    115.022  56.803
 29.13954    139.222  56.990
 29.15033    152.409  57.096
 29.16112    200.174  57.454
 29.17191    216.445  57.582
 29.18270    179.698  57.328
 29.19350    152.977  57.147
 29.20429    106.800  56.823
 29.21508     81.131  56.649
 29.22587     65.946  56.552
 29.23666     28.495  56.292
 29.24745     30.857  56.325
 29.25824     34.471  56.368
 29.26903     16.751  56.254
 29.27982    -11.003  56.067
 29.29061    -28.037  55.960
 29.30140    -25.666  55.996
 29.31219    -27.354  56.003
 29.32298    -12.346   5.613
 29.33377      1.945  56.258
 29.34456    -12.342  56.174
 29.35535    -25.972  56.095
 29.36614    -38.087   5.603
 29.37693     -3.829   5.630
 29.38772     12.430  56.442
 29.39851     -0.412  56.372
 29.40930    -17.305  56.272
 29.42009      7.581  56.478
 29.43088     -5.294  56.409
 29.44168    -25.838  56.284
 29.45247    -11.441  56.415
 29.46326      2.210  56.540
 29.47405      3.095  56.574
 29.48484     25.269  56.761
 29.49563     26.686  56.799
 29.50642     25.207  56.816
 29.51721     66.509  57.141
 29.52800    104.813  57.443
 29.53879    148.453  57.782
 29.54958    203.641  58.200
 29.56037    175.398  58.030
 29.57116    106.390  57.572
 29.58195     82.423  57.432
 29.59274     61.628   5.731
 29.60353     37.400  57.173
 29.61432      5.180  56.975
 29.62511    -17.380   5.685
 29.63590      5.493  57.043
 29.64669     40.511  57.326
 29.65748     55.308  57.464
 29.66827     73.375  57.625
 29.67907     85.351  57.744
 29.68986     65.087  57.635
 29.70065     63.576  57.659
 29.71144     34.964  57.492
 29.72223     13.036  57.372
 29.73302     -6.950  57.266
 29.74381    -48.029  57.011
 29.75460    -43.199  57.082
 29.76539    -12.711  57.335
 29.77618      1.122  57.469
 29.78697     -4.077  57.470
 29.79776     -1.927  57.522
 29.80855      0.802  57.579
 29.81934     44.125  57.920
 29.83013     47.761  57.982
 29.84092     35.548  57.935
 29.85171     44.286  58.033
 29.86250     87.323   5.837
 29.87329     66.729  58.265
 29.88408     50.555  58.191
 29.89487    110.112  58.640
 29.90566     89.088  58.533
 29.91645     40.084  58.233
 29.92724     55.697   5.838
 29.93804     76.000  58.557
 29.94883     61.035  58.492
 29.95962     76.119  58.634
 29.97041    100.000  58.835
 29.98120    177.384  59.399
 29.99199    246.891  59.905
 30.00278    306.603   6.034
 30.01357    380.237  60.864
 30.02436    446.982  61.338
 30.03515    523.320  61.870
 30.04594    593.324  62.356
 30.05673    763.141  63.471
 30.06752   1087.969  65.521
 30.07831   1693.408  69.151
 30.08910   3103.730  76.906
 30.09989   7093.259   9.545
 30.11068  17177.577  13.106
 30.12147  36345.255  18.027
 30.13226  59103.543  22.511
 30.14305  70537.794  24.452
 30.15384  61122.946  22.859
 30.16464  39143.059  18.627
 30.17543  19850.612  13.892
 30.18621   8876.313  10.269
 30.19701   4106.616  82.130
 30.20780   2128.805  71.920
 30.21859   1283.524  67.102
 30.22938    810.724  64.264
 30.24017    529.954  62.531
 30.25096    392.891   6.168
 30.26175    287.301  61.029
 30.27254    173.507  60.314
 30.28333    128.740  60.049
 30.29412     99.748  59.888
 30.30491     30.362  59.456
 30.31570     -4.452  59.254
 30.32649      4.041   5.934
 30.33728     -7.070  59.295
 30.34807     19.733  59.502
 30.35886     54.175  59.758
 30.36965     86.264  59.997
 30.38044     81.092  59.989
 30.39123     31.041  59.684
 30.40202     -2.032   5.949
 30.41281     38.701  59.785
 30.42360     38.109  59.805
 30.43439      5.435  59.612
 30.44518      5.592   5.964
 30.45598     24.462  59.783
 30.46677     23.198  59.796
 30.47756     33.413  59.884
 30.48835     60.753  60.084
 30.49914    116.125  60.465
 30.50993    141.814  60.650
 30.52072    116.273  60.502
 30.53151    112.626  60.495
 30.54230     90.115   6.036
 30.55309     88.706  60.371
 30.56388     54.944  60.165
 30.57467     29.624  60.014
 30.58546     25.769  60.002
 30.59625     -8.877  59.788
 30.60704    -44.017  59.569
 30.61783    -45.670  59.570
 30.62862    -43.989  59.592
 30.63941    -31.947  59.680
 30.65020      1.712  59.910
 30.66099     12.216  59.986
 30.67178     25.465  60.080
 30.68257     55.967  60.284
 30.69337    143.507  60.854
 30.70416    244.213  61.501
 30.71495    254.401  61.569
 30.72574    190.803  61.167
 30.73653    181.372  61.108
 30.74732    102.829  60.606
 30.75811     38.961   6.019
 30.76890     50.340  60.268
 30.77969     56.881  60.309
 30.79048     44.887  60.230
 30.80127     65.075  60.357
 30.81206     66.779  60.365
 30.82285    156.352  60.934
 30.83364    270.720  61.654
 30.84443    387.117  62.376
 30.85522    585.201  63.590
 30.86601    906.546  65.513
 30.87680   1356.265   6.811
 30.88759   2419.100  73.906
 30.89838   5141.370   8.701
 30.90917  12206.354  11.419
 30.91996  27763.539  15.837
 30.93075  50815.266  20.715
 30.94155  69642.891  23.971
 30.95234  69680.329  23.972
 30.96313  51212.824  20.776
 30.97392  28377.885  15.969
 30.98471  13363.532  11.787
 30.99550   6227.965   9.154
 31.00629   3216.883  77.793
 31.01708   1874.200  70.802
 31.02787   1112.488  66.505
 31.03866    698.185  64.040
 31.04945    557.814  63.171
 31.06024    434.658  62.396
 31.07103    344.019  61.814
 31.08182    286.161   6.143
 31.09261    269.721   6.131
 31.10340    182.749  60.740
 31.11419    117.963  60.307
 31.12498     52.205  59.864
 31.13577    -12.502  59.426
 31.14656    -34.498   5.926
 31.15735    -29.359  59.271
 31.16814    -39.706  59.181
 31.17893    -68.935  58.968
 31.18972    -34.203  59.169
 31.20052    -11.124  59.295
 31.21131     12.420  59.422
 31.22209     54.134   5.967
 31.23289    101.582  59.945
 31.24368     81.540  59.793
 31.25447     60.949  59.636
 31.26526    105.038  59.893
 31.27605    118.386  59.953
 31.28684    147.753  60.115
 31.29763    279.926  60.924
 31.30842    464.648  62.045
 31.31921    667.498  63.254
 31.33000    773.516   6.387
 31.34079    805.819   6.403
 31.35158    769.416  63.792
 31.36237    600.663   6.275
 31.37316    443.728  61.770
 31.38395    366.552  61.269
 31.39474    335.666  61.054
 31.40553    367.608  61.229
 31.41632    446.354   6.169
 31.42711    412.193  61.460
 31.43790    370.632  61.180
 31.44869    377.064  61.198
 31.45949    335.848  60.921
 31.47028    310.020  60.739
 31.48107    323.253  60.801
 31.49186    333.185  60.842
 31.50265    395.909  61.211
 31.51344    429.609  61.400
 31.52423    498.786   6.181
 31.53502    566.593  62.200
 31.54581    610.364  62.447
 31.55660    761.679  63.338
 31.56739    923.776  64.280
 31.57818   1128.970  65.456
 31.58897   1603.818  68.121
 31.59976   2409.027   7.242
 31.61055   3345.303  77.125
 31.62134   3901.045  79.776
 31.63213   3635.254  78.493
 31.64292   2827.446  74.502
 31.65371   1994.516  70.153
 31.66450   1324.382  66.449
 31.67529    988.670   6.451
 31.68608    733.090  62.988
 31.69687    501.711  61.581
 31.70766    491.011  61.503
 31.71846    414.112  61.020
 31.72925    348.286  60.603
 31.74004    312.713  60.371
 31.75083    328.416  60.457
 31.76162    292.349  60.222
 31.77241    260.101  60.009
 31.78320    235.614  59.845
 31.79399    162.685  59.375
 31.80478     94.107  58.929
 31.81557     32.389  58.524
 31.82636     12.796  58.386
 31.83715     36.886  58.526
 31.84794     10.310  58.341
 31.85873    -15.398  58.161
 31.86952    -23.772  58.091
 31.88031      4.187   5.825
 31.89110    -12.580  58.125
 31.90189    -52.358  57.849
 31.91268   -134.147  57.297
 31.92347    -50.731  57.811
 31.93426    -40.393  57.851
 31.94505    -23.570  57.930
 31.95585      5.457  58.084
 31.96664     79.424   5.852
 31.97743    179.362  59.114
 31.98822    158.586  58.942
 31.99901     94.180  58.490
 32.00980    118.860  58.598
 32.02059    111.224  58.496
 32.03138     38.260  57.974
 32.04217     83.992  58.203
 32.05296    156.859  58.598
 32.06375     21.198  57.660
 32.07454     -7.367   5.740
 32.08533    -45.806  57.061
 32.09612    -62.698  56.857
 32.10691    -81.443  56.633
 32.11770   -167.644  55.957
 32.12849    -39.607  56.678
 32.13928      4.258  56.837
 32.15007     47.230  56.979
 32.16086    191.508  57.762
 32.17165    261.530  58.054
 32.18245    372.575  58.591
 32.19323    384.050   5.849
 32.20403    435.174  58.623
 32.21481    375.060  58.044
 32.22561    415.463  58.085
 32.23640    649.187  59.323
 32.24719   1001.505   6.124
 32.25798   1077.427  61.445
 32.26877   1502.834  63.685
 32.27956   1563.152  63.763
 32.29035   1372.006  62.362
 32.30114   1947.537  65.366
 32.31193   2654.650  68.922
 32.32272   2676.833  68.723
 32.33351   2596.531  67.955
 32.34430   2440.064  66.742
 32.35509   2510.038  66.740
